type operator
name Pivot
version 0.0.136
author Juan Manuel Borges Caño
date 2013
copyright 2012 - 2014 Juan Manuel Borges Caño
license GNU General Public License, Version 3, 29 June 2007 (GPLv3+)
url http://code.google.com/p/openxlibrary
email juanmabcmail@gmail.com
tool vim - Vi IMproved, a programmers text editor
comment demos/data
xl 0.0.136
camera Pivot.xlc
frames 360
matrix 1.000000 0.000000 0.000000 0.000000 0.000000 1.000000 0.000000 0.000000 0.000000 0.000000 1.000000 0.000000 0.000000 0.000000 -50.000000 1.000000
time 0.01
matrix 0.999848 0.000000 -0.017452 0.000000 0.000000 1.000000 0.000000 0.000000 0.017452 0.000000 0.999848 0.000000 0.000000 0.000000 -50.000000 1.000000
time 0.01
matrix 0.999391 0.000000 -0.034899 0.000000 0.000000 1.000000 0.000000 0.000000 0.034899 0.000000 0.999391 0.000000 0.000000 0.000000 -50.000000 1.000000
time 0.01
matrix 0.998630 0.000000 -0.052336 0.000000 0.000000 1.000000 0.000000 0.000000 0.052336 0.000000 0.998630 0.000000 0.000000 0.000000 -50.000000 1.000000
time 0.01
matrix 0.997564 0.000000 -0.069756 0.000000 0.000000 1.000000 0.000000 0.000000 0.069756 0.000000 0.997564 0.000000 0.000000 0.000000 -50.000000 1.000000
time 0.01
matrix 0.996195 0.000000 -0.087156 0.000000 0.000000 1.000000 0.000000 0.000000 0.087156 0.000000 0.996195 0.000000 0.000000 0.000000 -50.000000 1.000000
time 0.01
matrix 0.994522 0.000000 -0.104528 0.000000 0.000000 1.000000 0.000000 0.000000 0.104528 0.000000 0.994522 0.000000 0.000000 0.000000 -50.000000 1.000000
time 0.01
matrix 0.992546 0.000000 -0.121869 0.000000 0.000000 1.000000 0.000000 0.000000 0.121869 0.000000 0.992546 0.000000 0.000000 0.000000 -50.000000 1.000000
time 0.01
matrix 0.990268 0.000000 -0.139173 0.000000 0.000000 1.000000 0.000000 0.000000 0.139173 0.000000 0.990268 0.000000 0.000000 0.000000 -50.000000 1.000000
time 0.01
matrix 0.987688 0.000000 -0.156434 0.000000 0.000000 1.000000 0.000000 0.000000 0.156434 0.000000 0.987688 0.000000 0.000000 0.000000 -50.000000 1.000000
time 0.01
matrix 0.984808 0.000000 -0.173648 0.000000 0.000000 1.000000 0.000000 0.000000 0.173648 0.000000 0.984808 0.000000 0.000000 0.000000 -50.000000 1.000000
time 0.01
matrix 0.981627 0.000000 -0.190809 0.000000 0.000000 1.000000 0.000000 0.000000 0.190809 0.000000 0.981627 0.000000 0.000000 0.000000 -50.000000 1.000000
time 0.01
matrix 0.978148 0.000000 -0.207912 0.000000 0.000000 1.000000 0.000000 0.000000 0.207912 0.000000 0.978148 0.000000 0.000000 0.000000 -50.000000 1.000000
time 0.01
matrix 0.974370 0.000000 -0.224951 0.000000 0.000000 1.000000 0.000000 0.000000 0.224951 0.000000 0.974370 0.000000 0.000000 0.000000 -50.000000 1.000000
time 0.01
matrix 0.970296 0.000000 -0.241922 0.000000 0.000000 1.000000 0.000000 0.000000 0.241922 0.000000 0.970296 0.000000 0.000000 0.000000 -50.000000 1.000000
time 0.01
matrix 0.965926 0.000000 -0.258819 0.000000 0.000000 1.000000 0.000000 0.000000 0.258819 0.000000 0.965926 0.000000 0.000000 0.000000 -50.000000 1.000000
time 0.01
matrix 0.961262 0.000000 -0.275637 0.000000 0.000000 1.000000 0.000000 0.000000 0.275637 0.000000 0.961262 0.000000 0.000000 0.000000 -50.000000 1.000000
time 0.01
matrix 0.956305 0.000000 -0.292372 0.000000 0.000000 1.000000 0.000000 0.000000 0.292372 0.000000 0.956305 0.000000 0.000000 0.000000 -50.000000 1.000000
time 0.01
matrix 0.951057 0.000000 -0.309017 0.000000 0.000000 1.000000 0.000000 0.000000 0.309017 0.000000 0.951057 0.000000 0.000000 0.000000 -50.000000 1.000000
time 0.01
matrix 0.945519 0.000000 -0.325568 0.000000 0.000000 1.000000 0.000000 0.000000 0.325568 0.000000 0.945519 0.000000 0.000000 0.000000 -50.000000 1.000000
time 0.01
matrix 0.939693 0.000000 -0.342020 0.000000 0.000000 1.000000 0.000000 0.000000 0.342020 0.000000 0.939693 0.000000 0.000000 0.000000 -50.000000 1.000000
time 0.01
matrix 0.933580 0.000000 -0.358368 0.000000 0.000000 1.000000 0.000000 0.000000 0.358368 0.000000 0.933580 0.000000 0.000000 0.000000 -50.000000 1.000000
time 0.01
matrix 0.927184 0.000000 -0.374607 0.000000 0.000000 1.000000 0.000000 0.000000 0.374607 0.000000 0.927184 0.000000 0.000000 0.000000 -50.000000 1.000000
time 0.01
matrix 0.920505 0.000000 -0.390731 0.000000 0.000000 1.000000 0.000000 0.000000 0.390731 0.000000 0.920505 0.000000 0.000000 0.000000 -50.000000 1.000000
time 0.01
matrix 0.913545 0.000000 -0.406737 0.000000 0.000000 1.000000 0.000000 0.000000 0.406737 0.000000 0.913545 0.000000 0.000000 0.000000 -50.000000 1.000000
time 0.01
matrix 0.906308 0.000000 -0.422618 0.000000 0.000000 1.000000 0.000000 0.000000 0.422618 0.000000 0.906308 0.000000 0.000000 0.000000 -50.000000 1.000000
time 0.01
matrix 0.898794 0.000000 -0.438371 0.000000 0.000000 1.000000 0.000000 0.000000 0.438371 0.000000 0.898794 0.000000 0.000000 0.000000 -50.000000 1.000000
time 0.01
matrix 0.891007 0.000000 -0.453990 0.000000 0.000000 1.000000 0.000000 0.000000 0.453990 0.000000 0.891007 0.000000 0.000000 0.000000 -50.000000 1.000000
time 0.01
matrix 0.882948 0.000000 -0.469472 0.000000 0.000000 1.000000 0.000000 0.000000 0.469472 0.000000 0.882948 0.000000 0.000000 0.000000 -50.000000 1.000000
time 0.01
matrix 0.874620 0.000000 -0.484810 0.000000 0.000000 1.000000 0.000000 0.000000 0.484810 0.000000 0.874620 0.000000 0.000000 0.000000 -50.000000 1.000000
time 0.01
matrix 0.866025 0.000000 -0.500000 0.000000 0.000000 1.000000 0.000000 0.000000 0.500000 0.000000 0.866025 0.000000 0.000000 0.000000 -50.000000 1.000000
time 0.01
matrix 0.857167 0.000000 -0.515038 0.000000 0.000000 1.000000 0.000000 0.000000 0.515038 0.000000 0.857167 0.000000 0.000000 0.000000 -50.000000 1.000000
time 0.01
matrix 0.848048 0.000000 -0.529919 0.000000 0.000000 1.000000 0.000000 0.000000 0.529919 0.000000 0.848048 0.000000 0.000000 0.000000 -50.000000 1.000000
time 0.01
matrix 0.838671 0.000000 -0.544639 0.000000 0.000000 1.000000 0.000000 0.000000 0.544639 0.000000 0.838671 0.000000 0.000000 0.000000 -50.000000 1.000000
time 0.01
matrix 0.829038 0.000000 -0.559193 0.000000 0.000000 1.000000 0.000000 0.000000 0.559193 0.000000 0.829038 0.000000 0.000000 0.000000 -50.000000 1.000000
time 0.01
matrix 0.819152 0.000000 -0.573576 0.000000 0.000000 1.000000 0.000000 0.000000 0.573576 0.000000 0.819152 0.000000 0.000000 0.000000 -50.000000 1.000000
time 0.01
matrix 0.809017 0.000000 -0.587785 0.000000 0.000000 1.000000 0.000000 0.000000 0.587785 0.000000 0.809017 0.000000 0.000000 0.000000 -50.000000 1.000000
time 0.01
matrix 0.798636 0.000000 -0.601815 0.000000 0.000000 1.000000 0.000000 0.000000 0.601815 0.000000 0.798636 0.000000 0.000000 0.000000 -50.000000 1.000000
time 0.01
matrix 0.788011 0.000000 -0.615662 0.000000 0.000000 1.000000 0.000000 0.000000 0.615662 0.000000 0.788011 0.000000 0.000000 0.000000 -50.000000 1.000000
time 0.01
matrix 0.777146 0.000000 -0.629320 0.000000 0.000000 1.000000 0.000000 0.000000 0.629320 0.000000 0.777146 0.000000 0.000000 0.000000 -50.000000 1.000000
time 0.01
matrix 0.766044 0.000000 -0.642788 0.000000 0.000000 1.000000 0.000000 0.000000 0.642788 0.000000 0.766044 0.000000 0.000000 0.000000 -50.000000 1.000000
time 0.01
matrix 0.754710 0.000000 -0.656059 0.000000 0.000000 1.000000 0.000000 0.000000 0.656059 0.000000 0.754710 0.000000 0.000000 0.000000 -50.000000 1.000000
time 0.01
matrix 0.743145 0.000000 -0.669131 0.000000 0.000000 1.000000 0.000000 0.000000 0.669131 0.000000 0.743145 0.000000 0.000000 0.000000 -50.000000 1.000000
time 0.01
matrix 0.731354 0.000000 -0.681998 0.000000 0.000000 1.000000 0.000000 0.000000 0.681998 0.000000 0.731354 0.000000 0.000000 0.000000 -50.000000 1.000000
time 0.01
matrix 0.719340 0.000000 -0.694658 0.000000 0.000000 1.000000 0.000000 0.000000 0.694658 0.000000 0.719340 0.000000 0.000000 0.000000 -50.000000 1.000000
time 0.01
matrix 0.707107 0.000000 -0.707107 0.000000 0.000000 1.000000 0.000000 0.000000 0.707107 0.000000 0.707107 0.000000 0.000000 0.000000 -50.000000 1.000000
time 0.01
matrix 0.694658 0.000000 -0.719340 0.000000 0.000000 1.000000 0.000000 0.000000 0.719340 0.000000 0.694658 0.000000 0.000000 0.000000 -50.000000 1.000000
time 0.01
matrix 0.681998 0.000000 -0.731354 0.000000 0.000000 1.000000 0.000000 0.000000 0.731354 0.000000 0.681998 0.000000 0.000000 0.000000 -50.000000 1.000000
time 0.01
matrix 0.669131 0.000000 -0.743145 0.000000 0.000000 1.000000 0.000000 0.000000 0.743145 0.000000 0.669131 0.000000 0.000000 0.000000 -50.000000 1.000000
time 0.01
matrix 0.656059 0.000000 -0.754710 0.000000 0.000000 1.000000 0.000000 0.000000 0.754710 0.000000 0.656059 0.000000 0.000000 0.000000 -50.000000 1.000000
time 0.01
matrix 0.642788 0.000000 -0.766044 0.000000 0.000000 1.000000 0.000000 0.000000 0.766044 0.000000 0.642788 0.000000 0.000000 0.000000 -50.000000 1.000000
time 0.01
matrix 0.629320 0.000000 -0.777146 0.000000 0.000000 1.000000 0.000000 0.000000 0.777146 0.000000 0.629320 0.000000 0.000000 0.000000 -50.000000 1.000000
time 0.01
matrix 0.615662 0.000000 -0.788011 0.000000 0.000000 1.000000 0.000000 0.000000 0.788011 0.000000 0.615662 0.000000 0.000000 0.000000 -50.000000 1.000000
time 0.01
matrix 0.601815 0.000000 -0.798636 0.000000 0.000000 1.000000 0.000000 0.000000 0.798636 0.000000 0.601815 0.000000 0.000000 0.000000 -50.000000 1.000000
time 0.01
matrix 0.587785 0.000000 -0.809017 0.000000 0.000000 1.000000 0.000000 0.000000 0.809017 0.000000 0.587785 0.000000 0.000000 0.000000 -50.000000 1.000000
time 0.01
matrix 0.573576 0.000000 -0.819152 0.000000 0.000000 1.000000 0.000000 0.000000 0.819152 0.000000 0.573576 0.000000 0.000000 0.000000 -50.000000 1.000000
time 0.01
matrix 0.559193 0.000000 -0.829038 0.000000 0.000000 1.000000 0.000000 0.000000 0.829038 0.000000 0.559193 0.000000 0.000000 0.000000 -50.000000 1.000000
time 0.01
matrix 0.544639 0.000000 -0.838671 0.000000 0.000000 1.000000 0.000000 0.000000 0.838671 0.000000 0.544639 0.000000 0.000000 0.000000 -50.000000 1.000000
time 0.01
matrix 0.529919 0.000000 -0.848048 0.000000 0.000000 1.000000 0.000000 0.000000 0.848048 0.000000 0.529919 0.000000 0.000000 0.000000 -50.000000 1.000000
time 0.01
matrix 0.515038 0.000000 -0.857167 0.000000 0.000000 1.000000 0.000000 0.000000 0.857167 0.000000 0.515038 0.000000 0.000000 0.000000 -50.000000 1.000000
time 0.01
matrix 0.500000 0.000000 -0.866025 0.000000 0.000000 1.000000 0.000000 0.000000 0.866025 0.000000 0.500000 0.000000 0.000000 0.000000 -50.000000 1.000000
time 0.01
matrix 0.484810 0.000000 -0.874620 0.000000 0.000000 1.000000 0.000000 0.000000 0.874620 0.000000 0.484810 0.000000 0.000000 0.000000 -50.000000 1.000000
time 0.01
matrix 0.469472 0.000000 -0.882948 0.000000 0.000000 1.000000 0.000000 0.000000 0.882948 0.000000 0.469472 0.000000 0.000000 0.000000 -50.000000 1.000000
time 0.01
matrix 0.453991 0.000000 -0.891007 0.000000 0.000000 1.000000 0.000000 0.000000 0.891007 0.000000 0.453991 0.000000 0.000000 0.000000 -50.000000 1.000000
time 0.01
matrix 0.438371 0.000000 -0.898794 0.000000 0.000000 1.000000 0.000000 0.000000 0.898794 0.000000 0.438371 0.000000 0.000000 0.000000 -50.000000 1.000000
time 0.01
matrix 0.422618 0.000000 -0.906308 0.000000 0.000000 1.000000 0.000000 0.000000 0.906308 0.000000 0.422618 0.000000 0.000000 0.000000 -50.000000 1.000000
time 0.01
matrix 0.406737 0.000000 -0.913545 0.000000 0.000000 1.000000 0.000000 0.000000 0.913545 0.000000 0.406737 0.000000 0.000000 0.000000 -50.000000 1.000000
time 0.01
matrix 0.390731 0.000000 -0.920505 0.000000 0.000000 1.000000 0.000000 0.000000 0.920505 0.000000 0.390731 0.000000 0.000000 0.000000 -50.000000 1.000000
time 0.01
matrix 0.374607 0.000000 -0.927184 0.000000 0.000000 1.000000 0.000000 0.000000 0.927184 0.000000 0.374607 0.000000 0.000000 0.000000 -50.000000 1.000000
time 0.01
matrix 0.358368 0.000000 -0.933580 0.000000 0.000000 1.000000 0.000000 0.000000 0.933580 0.000000 0.358368 0.000000 0.000000 0.000000 -50.000000 1.000000
time 0.01
matrix 0.342020 0.000000 -0.939693 0.000000 0.000000 1.000000 0.000000 0.000000 0.939693 0.000000 0.342020 0.000000 0.000000 0.000000 -50.000000 1.000000
time 0.01
matrix 0.325568 0.000000 -0.945519 0.000000 0.000000 1.000000 0.000000 0.000000 0.945519 0.000000 0.325568 0.000000 0.000000 0.000000 -50.000000 1.000000
time 0.01
matrix 0.309017 0.000000 -0.951057 0.000000 0.000000 1.000000 0.000000 0.000000 0.951057 0.000000 0.309017 0.000000 0.000000 0.000000 -50.000000 1.000000
time 0.01
matrix 0.292372 0.000000 -0.956305 0.000000 0.000000 1.000000 0.000000 0.000000 0.956305 0.000000 0.292372 0.000000 0.000000 0.000000 -50.000000 1.000000
time 0.01
matrix 0.275637 0.000000 -0.961262 0.000000 0.000000 1.000000 0.000000 0.000000 0.961262 0.000000 0.275637 0.000000 0.000000 0.000000 -50.000000 1.000000
time 0.01
matrix 0.258819 0.000000 -0.965926 0.000000 0.000000 1.000000 0.000000 0.000000 0.965926 0.000000 0.258819 0.000000 0.000000 0.000000 -50.000000 1.000000
time 0.01
matrix 0.241922 0.000000 -0.970296 0.000000 0.000000 1.000000 0.000000 0.000000 0.970296 0.000000 0.241922 0.000000 0.000000 0.000000 -50.000000 1.000000
time 0.01
matrix 0.224951 0.000000 -0.974370 0.000000 0.000000 1.000000 0.000000 0.000000 0.974370 0.000000 0.224951 0.000000 0.000000 0.000000 -50.000000 1.000000
time 0.01
matrix 0.207912 0.000000 -0.978148 0.000000 0.000000 1.000000 0.000000 0.000000 0.978148 0.000000 0.207912 0.000000 0.000000 0.000000 -50.000000 1.000000
time 0.01
matrix 0.190809 0.000000 -0.981627 0.000000 0.000000 1.000000 0.000000 0.000000 0.981627 0.000000 0.190809 0.000000 0.000000 0.000000 -50.000000 1.000000
time 0.01
matrix 0.173648 0.000000 -0.984808 0.000000 0.000000 1.000000 0.000000 0.000000 0.984808 0.000000 0.173648 0.000000 0.000000 0.000000 -50.000000 1.000000
time 0.01
matrix 0.156434 0.000000 -0.987688 0.000000 0.000000 1.000000 0.000000 0.000000 0.987688 0.000000 0.156434 0.000000 0.000000 0.000000 -50.000000 1.000000
time 0.01
matrix 0.139173 0.000000 -0.990268 0.000000 0.000000 1.000000 0.000000 0.000000 0.990268 0.000000 0.139173 0.000000 0.000000 0.000000 -50.000000 1.000000
time 0.01
matrix 0.121869 0.000000 -0.992546 0.000000 0.000000 1.000000 0.000000 0.000000 0.992546 0.000000 0.121869 0.000000 0.000000 0.000000 -50.000000 1.000000
time 0.01
matrix 0.104528 0.000000 -0.994522 0.000000 0.000000 1.000000 0.000000 0.000000 0.994522 0.000000 0.104528 0.000000 0.000000 0.000000 -50.000000 1.000000
time 0.01
matrix 0.087156 0.000000 -0.996195 0.000000 0.000000 1.000000 0.000000 0.000000 0.996195 0.000000 0.087156 0.000000 0.000000 0.000000 -50.000000 1.000000
time 0.01
matrix 0.069757 0.000000 -0.997564 0.000000 0.000000 1.000000 0.000000 0.000000 0.997564 0.000000 0.069757 0.000000 0.000000 0.000000 -50.000000 1.000000
time 0.01
matrix 0.052336 0.000000 -0.998630 0.000000 0.000000 1.000000 0.000000 0.000000 0.998630 0.000000 0.052336 0.000000 0.000000 0.000000 -50.000000 1.000000
time 0.01
matrix 0.034899 0.000000 -0.999391 0.000000 0.000000 1.000000 0.000000 0.000000 0.999391 0.000000 0.034899 0.000000 0.000000 0.000000 -50.000000 1.000000
time 0.01
matrix 0.017452 0.000000 -0.999848 0.000000 0.000000 1.000000 0.000000 0.000000 0.999848 0.000000 0.017452 0.000000 0.000000 0.000000 -50.000000 1.000000
time 0.01
matrix -0.000000 0.000000 -1.000000 0.000000 0.000000 1.000000 0.000000 0.000000 1.000000 0.000000 -0.000000 0.000000 0.000000 0.000000 -50.000000 1.000000
time 0.01
matrix -0.017452 0.000000 -0.999848 0.000000 0.000000 1.000000 0.000000 0.000000 0.999848 0.000000 -0.017452 0.000000 0.000000 0.000000 -50.000000 1.000000
time 0.01
matrix -0.034899 0.000000 -0.999391 0.000000 0.000000 1.000000 0.000000 0.000000 0.999391 0.000000 -0.034899 0.000000 0.000000 0.000000 -50.000000 1.000000
time 0.01
matrix -0.052336 0.000000 -0.998630 0.000000 0.000000 1.000000 0.000000 0.000000 0.998630 0.000000 -0.052336 0.000000 0.000000 0.000000 -50.000000 1.000000
time 0.01
matrix -0.069756 0.000000 -0.997564 0.000000 0.000000 1.000000 0.000000 0.000000 0.997564 0.000000 -0.069756 0.000000 0.000000 0.000000 -50.000000 1.000000
time 0.01
matrix -0.087156 0.000000 -0.996195 0.000000 0.000000 1.000000 0.000000 0.000000 0.996195 0.000000 -0.087156 0.000000 0.000000 0.000000 -50.000000 1.000000
time 0.01
matrix -0.104529 0.000000 -0.994522 0.000000 0.000000 1.000000 0.000000 0.000000 0.994522 0.000000 -0.104529 0.000000 0.000000 0.000000 -50.000000 1.000000
time 0.01
matrix -0.121869 0.000000 -0.992546 0.000000 0.000000 1.000000 0.000000 0.000000 0.992546 0.000000 -0.121869 0.000000 0.000000 0.000000 -50.000000 1.000000
time 0.01
matrix -0.139173 0.000000 -0.990268 0.000000 0.000000 1.000000 0.000000 0.000000 0.990268 0.000000 -0.139173 0.000000 0.000000 0.000000 -50.000000 1.000000
time 0.01
matrix -0.156434 0.000000 -0.987688 0.000000 0.000000 1.000000 0.000000 0.000000 0.987688 0.000000 -0.156434 0.000000 0.000000 0.000000 -50.000000 1.000000
time 0.01
matrix -0.173648 0.000000 -0.984808 0.000000 0.000000 1.000000 0.000000 0.000000 0.984808 0.000000 -0.173648 0.000000 0.000000 0.000000 -50.000000 1.000000
time 0.01
matrix -0.190809 0.000000 -0.981627 0.000000 0.000000 1.000000 0.000000 0.000000 0.981627 0.000000 -0.190809 0.000000 0.000000 0.000000 -50.000000 1.000000
time 0.01
matrix -0.207912 0.000000 -0.978148 0.000000 0.000000 1.000000 0.000000 0.000000 0.978148 0.000000 -0.207912 0.000000 0.000000 0.000000 -50.000000 1.000000
time 0.01
matrix -0.224951 0.000000 -0.974370 0.000000 0.000000 1.000000 0.000000 0.000000 0.974370 0.000000 -0.224951 0.000000 0.000000 0.000000 -50.000000 1.000000
time 0.01
matrix -0.241922 0.000000 -0.970296 0.000000 0.000000 1.000000 0.000000 0.000000 0.970296 0.000000 -0.241922 0.000000 0.000000 0.000000 -50.000000 1.000000
time 0.01
matrix -0.258819 0.000000 -0.965926 0.000000 0.000000 1.000000 0.000000 0.000000 0.965926 0.000000 -0.258819 0.000000 0.000000 0.000000 -50.000000 1.000000
time 0.01
matrix -0.275637 0.000000 -0.961262 0.000000 0.000000 1.000000 0.000000 0.000000 0.961262 0.000000 -0.275637 0.000000 0.000000 0.000000 -50.000000 1.000000
time 0.01
matrix -0.292372 0.000000 -0.956305 0.000000 0.000000 1.000000 0.000000 0.000000 0.956305 0.000000 -0.292372 0.000000 0.000000 0.000000 -50.000000 1.000000
time 0.01
matrix -0.309017 0.000000 -0.951057 0.000000 0.000000 1.000000 0.000000 0.000000 0.951057 0.000000 -0.309017 0.000000 0.000000 0.000000 -50.000000 1.000000
time 0.01
matrix -0.325568 0.000000 -0.945519 0.000000 0.000000 1.000000 0.000000 0.000000 0.945519 0.000000 -0.325568 0.000000 0.000000 0.000000 -50.000000 1.000000
time 0.01
matrix -0.342020 0.000000 -0.939693 0.000000 0.000000 1.000000 0.000000 0.000000 0.939693 0.000000 -0.342020 0.000000 0.000000 0.000000 -50.000000 1.000000
time 0.01
matrix -0.358368 0.000000 -0.933580 0.000000 0.000000 1.000000 0.000000 0.000000 0.933580 0.000000 -0.358368 0.000000 0.000000 0.000000 -50.000000 1.000000
time 0.01
matrix -0.374607 0.000000 -0.927184 0.000000 0.000000 1.000000 0.000000 0.000000 0.927184 0.000000 -0.374607 0.000000 0.000000 0.000000 -50.000000 1.000000
time 0.01
matrix -0.390731 0.000000 -0.920505 0.000000 0.000000 1.000000 0.000000 0.000000 0.920505 0.000000 -0.390731 0.000000 0.000000 0.000000 -50.000000 1.000000
time 0.01
matrix -0.406737 0.000000 -0.913545 0.000000 0.000000 1.000000 0.000000 0.000000 0.913545 0.000000 -0.406737 0.000000 0.000000 0.000000 -50.000000 1.000000
time 0.01
matrix -0.422618 0.000000 -0.906308 0.000000 0.000000 1.000000 0.000000 0.000000 0.906308 0.000000 -0.422618 0.000000 0.000000 0.000000 -50.000000 1.000000
time 0.01
matrix -0.438371 0.000000 -0.898794 0.000000 0.000000 1.000000 0.000000 0.000000 0.898794 0.000000 -0.438371 0.000000 0.000000 0.000000 -50.000000 1.000000
time 0.01
matrix -0.453990 0.000000 -0.891007 0.000000 0.000000 1.000000 0.000000 0.000000 0.891007 0.000000 -0.453990 0.000000 0.000000 0.000000 -50.000000 1.000000
time 0.01
matrix -0.469472 0.000000 -0.882948 0.000000 0.000000 1.000000 0.000000 0.000000 0.882948 0.000000 -0.469472 0.000000 0.000000 0.000000 -50.000000 1.000000
time 0.01
matrix -0.484810 0.000000 -0.874620 0.000000 0.000000 1.000000 0.000000 0.000000 0.874620 0.000000 -0.484810 0.000000 0.000000 0.000000 -50.000000 1.000000
time 0.01
matrix -0.500000 0.000000 -0.866025 0.000000 0.000000 1.000000 0.000000 0.000000 0.866025 0.000000 -0.500000 0.000000 0.000000 0.000000 -50.000000 1.000000
time 0.01
matrix -0.515038 0.000000 -0.857167 0.000000 0.000000 1.000000 0.000000 0.000000 0.857167 0.000000 -0.515038 0.000000 0.000000 0.000000 -50.000000 1.000000
time 0.01
matrix -0.529919 0.000000 -0.848048 0.000000 0.000000 1.000000 0.000000 0.000000 0.848048 0.000000 -0.529919 0.000000 0.000000 0.000000 -50.000000 1.000000
time 0.01
matrix -0.544639 0.000000 -0.838671 0.000000 0.000000 1.000000 0.000000 0.000000 0.838671 0.000000 -0.544639 0.000000 0.000000 0.000000 -50.000000 1.000000
time 0.01
matrix -0.559193 0.000000 -0.829038 0.000000 0.000000 1.000000 0.000000 0.000000 0.829038 0.000000 -0.559193 0.000000 0.000000 0.000000 -50.000000 1.000000
time 0.01
matrix -0.573576 0.000000 -0.819152 0.000000 0.000000 1.000000 0.000000 0.000000 0.819152 0.000000 -0.573576 0.000000 0.000000 0.000000 -50.000000 1.000000
time 0.01
matrix -0.587785 0.000000 -0.809017 0.000000 0.000000 1.000000 0.000000 0.000000 0.809017 0.000000 -0.587785 0.000000 0.000000 0.000000 -50.000000 1.000000
time 0.01
matrix -0.601815 0.000000 -0.798635 0.000000 0.000000 1.000000 0.000000 0.000000 0.798635 0.000000 -0.601815 0.000000 0.000000 0.000000 -50.000000 1.000000
time 0.01
matrix -0.615661 0.000000 -0.788011 0.000000 0.000000 1.000000 0.000000 0.000000 0.788011 0.000000 -0.615661 0.000000 0.000000 0.000000 -50.000000 1.000000
time 0.01
matrix -0.629320 0.000000 -0.777146 0.000000 0.000000 1.000000 0.000000 0.000000 0.777146 0.000000 -0.629320 0.000000 0.000000 0.000000 -50.000000 1.000000
time 0.01
matrix -0.642788 0.000000 -0.766044 0.000000 0.000000 1.000000 0.000000 0.000000 0.766044 0.000000 -0.642788 0.000000 0.000000 0.000000 -50.000000 1.000000
time 0.01
matrix -0.656059 0.000000 -0.754710 0.000000 0.000000 1.000000 0.000000 0.000000 0.754710 0.000000 -0.656059 0.000000 0.000000 0.000000 -50.000000 1.000000
time 0.01
matrix -0.669131 0.000000 -0.743145 0.000000 0.000000 1.000000 0.000000 0.000000 0.743145 0.000000 -0.669131 0.000000 0.000000 0.000000 -50.000000 1.000000
time 0.01
matrix -0.681998 0.000000 -0.731354 0.000000 0.000000 1.000000 0.000000 0.000000 0.731354 0.000000 -0.681998 0.000000 0.000000 0.000000 -50.000000 1.000000
time 0.01
matrix -0.694658 0.000000 -0.719340 0.000000 0.000000 1.000000 0.000000 0.000000 0.719340 0.000000 -0.694658 0.000000 0.000000 0.000000 -50.000000 1.000000
time 0.01
matrix -0.707107 0.000000 -0.707107 0.000000 0.000000 1.000000 0.000000 0.000000 0.707107 0.000000 -0.707107 0.000000 0.000000 0.000000 -50.000000 1.000000
time 0.01
matrix -0.719340 0.000000 -0.694658 0.000000 0.000000 1.000000 0.000000 0.000000 0.694658 0.000000 -0.719340 0.000000 0.000000 0.000000 -50.000000 1.000000
time 0.01
matrix -0.731354 0.000000 -0.681998 0.000000 0.000000 1.000000 0.000000 0.000000 0.681998 0.000000 -0.731354 0.000000 0.000000 0.000000 -50.000000 1.000000
time 0.01
matrix -0.743145 0.000000 -0.669131 0.000000 0.000000 1.000000 0.000000 0.000000 0.669131 0.000000 -0.743145 0.000000 0.000000 0.000000 -50.000000 1.000000
time 0.01
matrix -0.754710 0.000000 -0.656059 0.000000 0.000000 1.000000 0.000000 0.000000 0.656059 0.000000 -0.754710 0.000000 0.000000 0.000000 -50.000000 1.000000
time 0.01
matrix -0.766044 0.000000 -0.642788 0.000000 0.000000 1.000000 0.000000 0.000000 0.642788 0.000000 -0.766044 0.000000 0.000000 0.000000 -50.000000 1.000000
time 0.01
matrix -0.777146 0.000000 -0.629321 0.000000 0.000000 1.000000 0.000000 0.000000 0.629321 0.000000 -0.777146 0.000000 0.000000 0.000000 -50.000000 1.000000
time 0.01
matrix -0.788011 0.000000 -0.615661 0.000000 0.000000 1.000000 0.000000 0.000000 0.615661 0.000000 -0.788011 0.000000 0.000000 0.000000 -50.000000 1.000000
time 0.01
matrix -0.798635 0.000000 -0.601815 0.000000 0.000000 1.000000 0.000000 0.000000 0.601815 0.000000 -0.798635 0.000000 0.000000 0.000000 -50.000000 1.000000
time 0.01
matrix -0.809017 0.000000 -0.587785 0.000000 0.000000 1.000000 0.000000 0.000000 0.587785 0.000000 -0.809017 0.000000 0.000000 0.000000 -50.000000 1.000000
time 0.01
matrix -0.819152 0.000000 -0.573576 0.000000 0.000000 1.000000 0.000000 0.000000 0.573576 0.000000 -0.819152 0.000000 0.000000 0.000000 -50.000000 1.000000
time 0.01
matrix -0.829037 0.000000 -0.559193 0.000000 0.000000 1.000000 0.000000 0.000000 0.559193 0.000000 -0.829037 0.000000 0.000000 0.000000 -50.000000 1.000000
time 0.01
matrix -0.838671 0.000000 -0.544639 0.000000 0.000000 1.000000 0.000000 0.000000 0.544639 0.000000 -0.838671 0.000000 0.000000 0.000000 -50.000000 1.000000
time 0.01
matrix -0.848048 0.000000 -0.529919 0.000000 0.000000 1.000000 0.000000 0.000000 0.529919 0.000000 -0.848048 0.000000 0.000000 0.000000 -50.000000 1.000000
time 0.01
matrix -0.857167 0.000000 -0.515038 0.000000 0.000000 1.000000 0.000000 0.000000 0.515038 0.000000 -0.857167 0.000000 0.000000 0.000000 -50.000000 1.000000
time 0.01
matrix -0.866025 0.000000 -0.500000 0.000000 0.000000 1.000000 0.000000 0.000000 0.500000 0.000000 -0.866025 0.000000 0.000000 0.000000 -50.000000 1.000000
time 0.01
matrix -0.874620 0.000000 -0.484810 0.000000 0.000000 1.000000 0.000000 0.000000 0.484810 0.000000 -0.874620 0.000000 0.000000 0.000000 -50.000000 1.000000
time 0.01
matrix -0.882948 0.000000 -0.469472 0.000000 0.000000 1.000000 0.000000 0.000000 0.469472 0.000000 -0.882948 0.000000 0.000000 0.000000 -50.000000 1.000000
time 0.01
matrix -0.891006 0.000000 -0.453991 0.000000 0.000000 1.000000 0.000000 0.000000 0.453991 0.000000 -0.891006 0.000000 0.000000 0.000000 -50.000000 1.000000
time 0.01
matrix -0.898794 0.000000 -0.438371 0.000000 0.000000 1.000000 0.000000 0.000000 0.438371 0.000000 -0.898794 0.000000 0.000000 0.000000 -50.000000 1.000000
time 0.01
matrix -0.906308 0.000000 -0.422618 0.000000 0.000000 1.000000 0.000000 0.000000 0.422618 0.000000 -0.906308 0.000000 0.000000 0.000000 -50.000000 1.000000
time 0.01
matrix -0.913545 0.000000 -0.406737 0.000000 0.000000 1.000000 0.000000 0.000000 0.406737 0.000000 -0.913545 0.000000 0.000000 0.000000 -50.000000 1.000000
time 0.01
matrix -0.920505 0.000000 -0.390731 0.000000 0.000000 1.000000 0.000000 0.000000 0.390731 0.000000 -0.920505 0.000000 0.000000 0.000000 -50.000000 1.000000
time 0.01
matrix -0.927184 0.000000 -0.374607 0.000000 0.000000 1.000000 0.000000 0.000000 0.374607 0.000000 -0.927184 0.000000 0.000000 0.000000 -50.000000 1.000000
time 0.01
matrix -0.933580 0.000000 -0.358368 0.000000 0.000000 1.000000 0.000000 0.000000 0.358368 0.000000 -0.933580 0.000000 0.000000 0.000000 -50.000000 1.000000
time 0.01
matrix -0.939693 0.000000 -0.342020 0.000000 0.000000 1.000000 0.000000 0.000000 0.342020 0.000000 -0.939693 0.000000 0.000000 0.000000 -50.000000 1.000000
time 0.01
matrix -0.945519 0.000000 -0.325568 0.000000 0.000000 1.000000 0.000000 0.000000 0.325568 0.000000 -0.945519 0.000000 0.000000 0.000000 -50.000000 1.000000
time 0.01
matrix -0.951056 0.000000 -0.309017 0.000000 0.000000 1.000000 0.000000 0.000000 0.309017 0.000000 -0.951056 0.000000 0.000000 0.000000 -50.000000 1.000000
time 0.01
matrix -0.956305 0.000000 -0.292372 0.000000 0.000000 1.000000 0.000000 0.000000 0.292372 0.000000 -0.956305 0.000000 0.000000 0.000000 -50.000000 1.000000
time 0.01
matrix -0.961262 0.000000 -0.275637 0.000000 0.000000 1.000000 0.000000 0.000000 0.275637 0.000000 -0.961262 0.000000 0.000000 0.000000 -50.000000 1.000000
time 0.01
matrix -0.965926 0.000000 -0.258819 0.000000 0.000000 1.000000 0.000000 0.000000 0.258819 0.000000 -0.965926 0.000000 0.000000 0.000000 -50.000000 1.000000
time 0.01
matrix -0.970296 0.000000 -0.241922 0.000000 0.000000 1.000000 0.000000 0.000000 0.241922 0.000000 -0.970296 0.000000 0.000000 0.000000 -50.000000 1.000000
time 0.01
matrix -0.974370 0.000000 -0.224951 0.000000 0.000000 1.000000 0.000000 0.000000 0.224951 0.000000 -0.974370 0.000000 0.000000 0.000000 -50.000000 1.000000
time 0.01
matrix -0.978148 0.000000 -0.207912 0.000000 0.000000 1.000000 0.000000 0.000000 0.207912 0.000000 -0.978148 0.000000 0.000000 0.000000 -50.000000 1.000000
time 0.01
matrix -0.981627 0.000000 -0.190809 0.000000 0.000000 1.000000 0.000000 0.000000 0.190809 0.000000 -0.981627 0.000000 0.000000 0.000000 -50.000000 1.000000
time 0.01
matrix -0.984808 0.000000 -0.173648 0.000000 0.000000 1.000000 0.000000 0.000000 0.173648 0.000000 -0.984808 0.000000 0.000000 0.000000 -50.000000 1.000000
time 0.01
matrix -0.987688 0.000000 -0.156434 0.000000 0.000000 1.000000 0.000000 0.000000 0.156434 0.000000 -0.987688 0.000000 0.000000 0.000000 -50.000000 1.000000
time 0.01
matrix -0.990268 0.000000 -0.139173 0.000000 0.000000 1.000000 0.000000 0.000000 0.139173 0.000000 -0.990268 0.000000 0.000000 0.000000 -50.000000 1.000000
time 0.01
matrix -0.992546 0.000000 -0.121869 0.000000 0.000000 1.000000 0.000000 0.000000 0.121869 0.000000 -0.992546 0.000000 0.000000 0.000000 -50.000000 1.000000
time 0.01
matrix -0.994522 0.000000 -0.104528 0.000000 0.000000 1.000000 0.000000 0.000000 0.104528 0.000000 -0.994522 0.000000 0.000000 0.000000 -50.000000 1.000000
time 0.01
matrix -0.996195 0.000000 -0.087156 0.000000 0.000000 1.000000 0.000000 0.000000 0.087156 0.000000 -0.996195 0.000000 0.000000 0.000000 -50.000000 1.000000
time 0.01
matrix -0.997564 0.000000 -0.069756 0.000000 0.000000 1.000000 0.000000 0.000000 0.069756 0.000000 -0.997564 0.000000 0.000000 0.000000 -50.000000 1.000000
time 0.01
matrix -0.998630 0.000000 -0.052336 0.000000 0.000000 1.000000 0.000000 0.000000 0.052336 0.000000 -0.998630 0.000000 0.000000 0.000000 -50.000000 1.000000
time 0.01
matrix -0.999391 0.000000 -0.034899 0.000000 0.000000 1.000000 0.000000 0.000000 0.034899 0.000000 -0.999391 0.000000 0.000000 0.000000 -50.000000 1.000000
time 0.01
matrix -0.999848 0.000000 -0.017452 0.000000 0.000000 1.000000 0.000000 0.000000 0.017452 0.000000 -0.999848 0.000000 0.000000 0.000000 -50.000000 1.000000
time 0.01
matrix -1.000000 0.000000 0.000000 0.000000 0.000000 1.000000 0.000000 0.000000 -0.000000 0.000000 -1.000000 0.000000 0.000000 0.000000 -50.000000 1.000000
time 0.01
matrix -0.999848 0.000000 0.017452 0.000000 0.000000 1.000000 0.000000 0.000000 -0.017452 0.000000 -0.999848 0.000000 0.000000 0.000000 -50.000000 1.000000
time 0.01
matrix -0.999391 0.000000 0.034899 0.000000 0.000000 1.000000 0.000000 0.000000 -0.034899 0.000000 -0.999391 0.000000 0.000000 0.000000 -50.000000 1.000000
time 0.01
matrix -0.998630 0.000000 0.052336 0.000000 0.000000 1.000000 0.000000 0.000000 -0.052336 0.000000 -0.998630 0.000000 0.000000 0.000000 -50.000000 1.000000
time 0.01
matrix -0.997564 0.000000 0.069756 0.000000 0.000000 1.000000 0.000000 0.000000 -0.069756 0.000000 -0.997564 0.000000 0.000000 0.000000 -50.000000 1.000000
time 0.01
matrix -0.996195 0.000000 0.087156 0.000000 0.000000 1.000000 0.000000 0.000000 -0.087156 0.000000 -0.996195 0.000000 0.000000 0.000000 -50.000000 1.000000
time 0.01
matrix -0.994522 0.000000 0.104528 0.000000 0.000000 1.000000 0.000000 0.000000 -0.104528 0.000000 -0.994522 0.000000 0.000000 0.000000 -50.000000 1.000000
time 0.01
matrix -0.992546 0.000000 0.121869 0.000000 0.000000 1.000000 0.000000 0.000000 -0.121869 0.000000 -0.992546 0.000000 0.000000 0.000000 -50.000000 1.000000
time 0.01
matrix -0.990268 0.000000 0.139173 0.000000 0.000000 1.000000 0.000000 0.000000 -0.139173 0.000000 -0.990268 0.000000 0.000000 0.000000 -50.000000 1.000000
time 0.01
matrix -0.987688 0.000000 0.156434 0.000000 0.000000 1.000000 0.000000 0.000000 -0.156434 0.000000 -0.987688 0.000000 0.000000 0.000000 -50.000000 1.000000
time 0.01
matrix -0.984808 0.000000 0.173648 0.000000 0.000000 1.000000 0.000000 0.000000 -0.173648 0.000000 -0.984808 0.000000 0.000000 0.000000 -50.000000 1.000000
time 0.01
matrix -0.981627 0.000000 0.190809 0.000000 0.000000 1.000000 0.000000 0.000000 -0.190809 0.000000 -0.981627 0.000000 0.000000 0.000000 -50.000000 1.000000
time 0.01
matrix -0.978148 0.000000 0.207912 0.000000 0.000000 1.000000 0.000000 0.000000 -0.207912 0.000000 -0.978148 0.000000 0.000000 0.000000 -50.000000 1.000000
time 0.01
matrix -0.974370 0.000000 0.224951 0.000000 0.000000 1.000000 0.000000 0.000000 -0.224951 0.000000 -0.974370 0.000000 0.000000 0.000000 -50.000000 1.000000
time 0.01
matrix -0.970296 0.000000 0.241922 0.000000 0.000000 1.000000 0.000000 0.000000 -0.241922 0.000000 -0.970296 0.000000 0.000000 0.000000 -50.000000 1.000000
time 0.01
matrix -0.965926 0.000000 0.258819 0.000000 0.000000 1.000000 0.000000 0.000000 -0.258819 0.000000 -0.965926 0.000000 0.000000 0.000000 -50.000000 1.000000
time 0.01
matrix -0.961262 0.000000 0.275637 0.000000 0.000000 1.000000 0.000000 0.000000 -0.275637 0.000000 -0.961262 0.000000 0.000000 0.000000 -50.000000 1.000000
time 0.01
matrix -0.956305 0.000000 0.292372 0.000000 0.000000 1.000000 0.000000 0.000000 -0.292372 0.000000 -0.956305 0.000000 0.000000 0.000000 -50.000000 1.000000
time 0.01
matrix -0.951057 0.000000 0.309017 0.000000 0.000000 1.000000 0.000000 0.000000 -0.309017 0.000000 -0.951057 0.000000 0.000000 0.000000 -50.000000 1.000000
time 0.01
matrix -0.945519 0.000000 0.325568 0.000000 0.000000 1.000000 0.000000 0.000000 -0.325568 0.000000 -0.945519 0.000000 0.000000 0.000000 -50.000000 1.000000
time 0.01
matrix -0.939693 0.000000 0.342020 0.000000 0.000000 1.000000 0.000000 0.000000 -0.342020 0.000000 -0.939693 0.000000 0.000000 0.000000 -50.000000 1.000000
time 0.01
matrix -0.933580 0.000000 0.358368 0.000000 0.000000 1.000000 0.000000 0.000000 -0.358368 0.000000 -0.933580 0.000000 0.000000 0.000000 -50.000000 1.000000
time 0.01
matrix -0.927184 0.000000 0.374607 0.000000 0.000000 1.000000 0.000000 0.000000 -0.374607 0.000000 -0.927184 0.000000 0.000000 0.000000 -50.000000 1.000000
time 0.01
matrix -0.920505 0.000000 0.390731 0.000000 0.000000 1.000000 0.000000 0.000000 -0.390731 0.000000 -0.920505 0.000000 0.000000 0.000000 -50.000000 1.000000
time 0.01
matrix -0.913545 0.000000 0.406737 0.000000 0.000000 1.000000 0.000000 0.000000 -0.406737 0.000000 -0.913545 0.000000 0.000000 0.000000 -50.000000 1.000000
time 0.01
matrix -0.906308 0.000000 0.422618 0.000000 0.000000 1.000000 0.000000 0.000000 -0.422618 0.000000 -0.906308 0.000000 0.000000 0.000000 -50.000000 1.000000
time 0.01
matrix -0.898794 0.000000 0.438371 0.000000 0.000000 1.000000 0.000000 0.000000 -0.438371 0.000000 -0.898794 0.000000 0.000000 0.000000 -50.000000 1.000000
time 0.01
matrix -0.891007 0.000000 0.453991 0.000000 0.000000 1.000000 0.000000 0.000000 -0.453991 0.000000 -0.891007 0.000000 0.000000 0.000000 -50.000000 1.000000
time 0.01
matrix -0.882948 0.000000 0.469472 0.000000 0.000000 1.000000 0.000000 0.000000 -0.469472 0.000000 -0.882948 0.000000 0.000000 0.000000 -50.000000 1.000000
time 0.01
matrix -0.874620 0.000000 0.484810 0.000000 0.000000 1.000000 0.000000 0.000000 -0.484810 0.000000 -0.874620 0.000000 0.000000 0.000000 -50.000000 1.000000
time 0.01
matrix -0.866025 0.000000 0.500000 0.000000 0.000000 1.000000 0.000000 0.000000 -0.500000 0.000000 -0.866025 0.000000 0.000000 0.000000 -50.000000 1.000000
time 0.01
matrix -0.857167 0.000000 0.515038 0.000000 0.000000 1.000000 0.000000 0.000000 -0.515038 0.000000 -0.857167 0.000000 0.000000 0.000000 -50.000000 1.000000
time 0.01
matrix -0.848048 0.000000 0.529919 0.000000 0.000000 1.000000 0.000000 0.000000 -0.529919 0.000000 -0.848048 0.000000 0.000000 0.000000 -50.000000 1.000000
time 0.01
matrix -0.838671 0.000000 0.544639 0.000000 0.000000 1.000000 0.000000 0.000000 -0.544639 0.000000 -0.838671 0.000000 0.000000 0.000000 -50.000000 1.000000
time 0.01
matrix -0.829038 0.000000 0.559193 0.000000 0.000000 1.000000 0.000000 0.000000 -0.559193 0.000000 -0.829038 0.000000 0.000000 0.000000 -50.000000 1.000000
time 0.01
matrix -0.819152 0.000000 0.573576 0.000000 0.000000 1.000000 0.000000 0.000000 -0.573576 0.000000 -0.819152 0.000000 0.000000 0.000000 -50.000000 1.000000
time 0.01
matrix -0.809017 0.000000 0.587785 0.000000 0.000000 1.000000 0.000000 0.000000 -0.587785 0.000000 -0.809017 0.000000 0.000000 0.000000 -50.000000 1.000000
time 0.01
matrix -0.798635 0.000000 0.601815 0.000000 0.000000 1.000000 0.000000 0.000000 -0.601815 0.000000 -0.798635 0.000000 0.000000 0.000000 -50.000000 1.000000
time 0.01
matrix -0.788011 0.000000 0.615661 0.000000 0.000000 1.000000 0.000000 0.000000 -0.615661 0.000000 -0.788011 0.000000 0.000000 0.000000 -50.000000 1.000000
time 0.01
matrix -0.777146 0.000000 0.629320 0.000000 0.000000 1.000000 0.000000 0.000000 -0.629320 0.000000 -0.777146 0.000000 0.000000 0.000000 -50.000000 1.000000
time 0.01
matrix -0.766044 0.000000 0.642788 0.000000 0.000000 1.000000 0.000000 0.000000 -0.642788 0.000000 -0.766044 0.000000 0.000000 0.000000 -50.000000 1.000000
time 0.01
matrix -0.754710 0.000000 0.656059 0.000000 0.000000 1.000000 0.000000 0.000000 -0.656059 0.000000 -0.754710 0.000000 0.000000 0.000000 -50.000000 1.000000
time 0.01
matrix -0.743145 0.000000 0.669131 0.000000 0.000000 1.000000 0.000000 0.000000 -0.669131 0.000000 -0.743145 0.000000 0.000000 0.000000 -50.000000 1.000000
time 0.01
matrix -0.731354 0.000000 0.681998 0.000000 0.000000 1.000000 0.000000 0.000000 -0.681998 0.000000 -0.731354 0.000000 0.000000 0.000000 -50.000000 1.000000
time 0.01
matrix -0.719340 0.000000 0.694658 0.000000 0.000000 1.000000 0.000000 0.000000 -0.694658 0.000000 -0.719340 0.000000 0.000000 0.000000 -50.000000 1.000000
time 0.01
matrix -0.707107 0.000000 0.707107 0.000000 0.000000 1.000000 0.000000 0.000000 -0.707107 0.000000 -0.707107 0.000000 0.000000 0.000000 -50.000000 1.000000
time 0.01
matrix -0.694658 0.000000 0.719340 0.000000 0.000000 1.000000 0.000000 0.000000 -0.719340 0.000000 -0.694658 0.000000 0.000000 0.000000 -50.000000 1.000000
time 0.01
matrix -0.681998 0.000000 0.731354 0.000000 0.000000 1.000000 0.000000 0.000000 -0.731354 0.000000 -0.681998 0.000000 0.000000 0.000000 -50.000000 1.000000
time 0.01
matrix -0.669131 0.000000 0.743145 0.000000 0.000000 1.000000 0.000000 0.000000 -0.743145 0.000000 -0.669131 0.000000 0.000000 0.000000 -50.000000 1.000000
time 0.01
matrix -0.656059 0.000000 0.754710 0.000000 0.000000 1.000000 0.000000 0.000000 -0.754710 0.000000 -0.656059 0.000000 0.000000 0.000000 -50.000000 1.000000
time 0.01
matrix -0.642788 0.000000 0.766045 0.000000 0.000000 1.000000 0.000000 0.000000 -0.766045 0.000000 -0.642788 0.000000 0.000000 0.000000 -50.000000 1.000000
time 0.01
matrix -0.629320 0.000000 0.777146 0.000000 0.000000 1.000000 0.000000 0.000000 -0.777146 0.000000 -0.629320 0.000000 0.000000 0.000000 -50.000000 1.000000
time 0.01
matrix -0.615662 0.000000 0.788011 0.000000 0.000000 1.000000 0.000000 0.000000 -0.788011 0.000000 -0.615662 0.000000 0.000000 0.000000 -50.000000 1.000000
time 0.01
matrix -0.601815 0.000000 0.798635 0.000000 0.000000 1.000000 0.000000 0.000000 -0.798635 0.000000 -0.601815 0.000000 0.000000 0.000000 -50.000000 1.000000
time 0.01
matrix -0.587785 0.000000 0.809017 0.000000 0.000000 1.000000 0.000000 0.000000 -0.809017 0.000000 -0.587785 0.000000 0.000000 0.000000 -50.000000 1.000000
time 0.01
matrix -0.573576 0.000000 0.819152 0.000000 0.000000 1.000000 0.000000 0.000000 -0.819152 0.000000 -0.573576 0.000000 0.000000 0.000000 -50.000000 1.000000
time 0.01
matrix -0.559193 0.000000 0.829038 0.000000 0.000000 1.000000 0.000000 0.000000 -0.829038 0.000000 -0.559193 0.000000 0.000000 0.000000 -50.000000 1.000000
time 0.01
matrix -0.544639 0.000000 0.838671 0.000000 0.000000 1.000000 0.000000 0.000000 -0.838671 0.000000 -0.544639 0.000000 0.000000 0.000000 -50.000000 1.000000
time 0.01
matrix -0.529919 0.000000 0.848048 0.000000 0.000000 1.000000 0.000000 0.000000 -0.848048 0.000000 -0.529919 0.000000 0.000000 0.000000 -50.000000 1.000000
time 0.01
