type operator
name Generic
version 0.0.136
author Juan Manuel Borges Caño
date 2013
copyright 2012 - 2014 Juan Manuel Borges Caño
license GNU General Public License, Version 3, 29 June 2007 (GPLv3+)
url http://code.google.com/p/openxlibrary
email juanmabcmail@gmail.com
tool vim - Vi IMproved, a programmers text editor
comment demos/data
xl 0.0.136
camera Perspective.xlc
frames 37
matrix 1.000000 0.000000 0.000000 0.000000 0.000000 1.000000 0.000000 0.000000 0.000000 0.000000 1.000000 0.000000 0.000000 0.000000 0.000000 1.000000
time 0.05
matrix 0.984808 0.000000 -0.173648 0.000000 0.000000 1.000000 0.000000 0.000000 0.173648 0.000000 0.984808 0.000000 0.000000 0.000000 0.000000 1.000000
time 0.05
matrix 0.939693 0.000000 -0.342020 0.000000 0.000000 1.000000 0.000000 0.000000 0.342020 0.000000 0.939693 0.000000 0.000000 0.000000 0.000000 1.000000
time 0.05
matrix 0.866025 0.000000 -0.500000 0.000000 0.000000 1.000000 0.000000 0.000000 0.500000 0.000000 0.866025 0.000000 0.000000 0.000000 0.000000 1.000000
time 0.05
matrix 0.766044 0.000000 -0.642788 0.000000 0.000000 1.000000 0.000000 0.000000 0.642788 0.000000 0.766044 0.000000 0.000000 0.000000 0.000000 1.000000
time 0.05
matrix 0.642788 0.000000 -0.766044 0.000000 0.000000 1.000000 0.000000 0.000000 0.766044 0.000000 0.642788 0.000000 0.000000 0.000000 0.000000 1.000000
time 0.05
matrix 0.500000 0.000000 -0.866025 0.000000 0.000000 1.000000 0.000000 0.000000 0.866025 0.000000 0.500000 0.000000 0.000000 0.000000 0.000000 1.000000
time 0.05
matrix 0.342020 0.000000 -0.939692 0.000000 0.000000 1.000000 0.000000 0.000000 0.939692 0.000000 0.342020 0.000000 0.000000 0.000000 0.000000 1.000000
time 0.05
matrix 0.173648 0.000000 -0.984808 0.000000 0.000000 1.000000 0.000000 0.000000 0.984808 0.000000 0.173648 0.000000 0.000000 0.000000 0.000000 1.000000
time 0.05
matrix -0.000000 0.000000 -1.000000 0.000000 0.000000 1.000000 0.000000 0.000000 1.000000 0.000000 -0.000000 0.000000 0.000000 0.000000 0.000000 1.000000
time 0.05
matrix -0.173648 0.000000 -0.984808 0.000000 0.000000 1.000000 0.000000 0.000000 0.984808 0.000000 -0.173648 0.000000 0.000000 0.000000 0.000000 1.000000
time 0.05
matrix -0.342020 0.000000 -0.939692 0.000000 0.000000 1.000000 0.000000 0.000000 0.939692 0.000000 -0.342020 0.000000 0.000000 0.000000 0.000000 1.000000
time 0.05
matrix -0.500000 0.000000 -0.866025 0.000000 0.000000 1.000000 0.000000 0.000000 0.866025 0.000000 -0.500000 0.000000 0.000000 0.000000 0.000000 1.000000
time 0.05
matrix -0.642787 0.000000 -0.766044 0.000000 0.000000 1.000000 0.000000 0.000000 0.766044 0.000000 -0.642787 0.000000 0.000000 0.000000 0.000000 1.000000
time 0.05
matrix -0.766044 0.000000 -0.642787 0.000000 0.000000 1.000000 0.000000 0.000000 0.642787 0.000000 -0.766044 0.000000 0.000000 0.000000 0.000000 1.000000
time 0.05
matrix -0.866025 0.000000 -0.500000 0.000000 0.000000 1.000000 0.000000 0.000000 0.500000 0.000000 -0.866025 0.000000 0.000000 0.000000 0.000000 1.000000
time 0.05
matrix -0.939692 0.000000 -0.342020 0.000000 0.000000 1.000000 0.000000 0.000000 0.342020 0.000000 -0.939692 0.000000 0.000000 0.000000 0.000000 1.000000
time 0.05
matrix -0.984807 0.000000 -0.173648 0.000000 0.000000 1.000000 0.000000 0.000000 0.173648 0.000000 -0.984807 0.000000 0.000000 0.000000 0.000000 1.000000
time 0.05
matrix -1.000000 0.000000 0.000000 0.000000 0.000000 1.000000 0.000000 0.000000 -0.000000 0.000000 -1.000000 0.000000 0.000000 0.000000 0.000000 1.000000
time 0.05
matrix -0.984807 0.000000 0.173648 0.000000 0.000000 1.000000 0.000000 0.000000 -0.173648 0.000000 -0.984807 0.000000 0.000000 0.000000 0.000000 1.000000
time 0.05
matrix -0.939692 0.000000 0.342020 0.000000 0.000000 1.000000 0.000000 0.000000 -0.342020 0.000000 -0.939692 0.000000 0.000000 0.000000 0.000000 1.000000
time 0.05
matrix -0.866025 0.000000 0.500000 0.000000 0.000000 1.000000 0.000000 0.000000 -0.500000 0.000000 -0.866025 0.000000 0.000000 0.000000 0.000000 1.000000
time 0.05
matrix -0.766044 0.000000 0.642787 0.000000 0.000000 1.000000 0.000000 0.000000 -0.642787 0.000000 -0.766044 0.000000 0.000000 0.000000 0.000000 1.000000
time 0.05
matrix -0.642787 0.000000 0.766044 0.000000 0.000000 1.000000 0.000000 0.000000 -0.766044 0.000000 -0.642787 0.000000 0.000000 0.000000 0.000000 1.000000
time 0.05
matrix -0.500000 0.000000 0.866025 0.000000 0.000000 1.000000 0.000000 0.000000 -0.866025 0.000000 -0.500000 0.000000 0.000000 0.000000 0.000000 1.000000
time 0.05
matrix -0.342020 0.000000 0.939692 0.000000 0.000000 1.000000 0.000000 0.000000 -0.939692 0.000000 -0.342020 0.000000 0.000000 0.000000 0.000000 1.000000
time 0.05
matrix -0.173648 0.000000 0.984807 0.000000 0.000000 1.000000 0.000000 0.000000 -0.984807 0.000000 -0.173648 0.000000 0.000000 0.000000 0.000000 1.000000
time 0.05
matrix 0.000000 0.000000 0.999999 0.000000 0.000000 1.000000 0.000000 0.000000 -0.999999 0.000000 0.000000 0.000000 0.000000 0.000000 0.000000 1.000000
time 0.05
matrix 0.173648 0.000000 0.984807 0.000000 0.000000 1.000000 0.000000 0.000000 -0.984807 0.000000 0.173648 0.000000 0.000000 0.000000 0.000000 1.000000
time 0.05
matrix 0.342020 0.000000 0.939692 0.000000 0.000000 1.000000 0.000000 0.000000 -0.939692 0.000000 0.342020 0.000000 0.000000 0.000000 0.000000 1.000000
time 0.05
matrix 0.500000 0.000000 0.866025 0.000000 0.000000 1.000000 0.000000 0.000000 -0.866025 0.000000 0.500000 0.000000 0.000000 0.000000 0.000000 1.000000
time 0.05
matrix 0.642787 0.000000 0.766044 0.000000 0.000000 1.000000 0.000000 0.000000 -0.766044 0.000000 0.642787 0.000000 0.000000 0.000000 0.000000 1.000000
time 0.05
matrix 0.766044 0.000000 0.642787 0.000000 0.000000 1.000000 0.000000 0.000000 -0.642787 0.000000 0.766044 0.000000 0.000000 0.000000 0.000000 1.000000
time 0.05
matrix 0.866025 0.000000 0.499999 0.000000 0.000000 1.000000 0.000000 0.000000 -0.499999 0.000000 0.866025 0.000000 0.000000 0.000000 0.000000 1.000000
time 0.05
matrix 0.939692 0.000000 0.342020 0.000000 0.000000 1.000000 0.000000 0.000000 -0.342020 0.000000 0.939692 0.000000 0.000000 0.000000 0.000000 1.000000
time 0.05
matrix 0.984807 0.000000 0.173648 0.000000 0.000000 1.000000 0.000000 0.000000 -0.173648 0.000000 0.984807 0.000000 0.000000 0.000000 0.000000 1.000000
time 0.05
matrix 0.999999 0.000000 -0.000000 0.000000 0.000000 1.000000 0.000000 0.000000 0.000000 0.000000 0.999999 0.000000 0.000000 0.000000 0.000000 1.000000
time 0.05
actions 1
name ry
frames 0 37
