type model
name Generic
version 0.0.136
author Juan Manuel Borges Caño
date 2013
copyright 2012, 2013 Juan Manuel Borges Caño
license GNU General Public License, Version 3, 29 June 2007 (GPLv3+)
url http://code.google.com/p/openxlibrary
email juanmabcmail@gmail.com
tool vim - Vi IMproved, a programmers text editor
comment demos/data
xl 0.0.136
object Robot.xlc
bones 18
name Bone.0
parents 0 0
name Bone.1
parents 0 1
name Bone.2
parents 1 2
name Bone.3
parents 3 3
name Bone.4
parents 6 4
name Bone.5
parents 10 1
name Bone.6
parents 11 1
name Bone.7
parents 12 2
name Bone.8
parents 14 3
name Bone.9
parents 17 4
name Bone.10
parents 21 0
name Bone.11
parents 21 1
name Bone.12
parents 22 2
name Bone.13
parents 24 3
name Bone.14
parents 27 0
name Bone.15
parents 27 1
name Bone.16
parents 28 2
name Bone.17
parents 30 3
parents 33
bone 0
bone 1
bone 0
bone 2
bone 1
bone 0
bone 3
bone 2
bone 1
bone 0
bone 0
bone 0
bone 6
bone 0
bone 7
bone 6
bone 0
bone 8
bone 7
bone 6
bone 0
bone 10
bone 11
bone 10
bone 12
bone 11
bone 10
bone 14
bone 15
bone 14
bone 16
bone 15
bone 14
vertices 148
weights 0 3
weights 3 3
weights 6 3
weights 9 3
weights 12 3
weights 15 3
weights 18 3
weights 21 3
weights 24 3
weights 27 3
weights 30 3
weights 33 3
weights 36 1
weights 37 1
weights 38 1
weights 39 1
weights 40 1
weights 41 1
weights 42 1
weights 43 1
weights 44 2
weights 46 2
weights 48 2
weights 50 2
weights 52 2
weights 54 2
weights 56 2
weights 58 2
weights 60 1
weights 61 1
weights 62 1
weights 63 1
weights 64 1
weights 65 1
weights 66 1
weights 67 1
weights 68 1
weights 69 1
weights 70 1
weights 71 1
weights 72 1
weights 73 1
weights 74 1
weights 75 1
weights 76 2
weights 78 2
weights 80 2
weights 82 2
weights 84 2
weights 86 2
weights 88 2
weights 90 2
weights 92 2
weights 94 2
weights 96 2
weights 98 2
weights 100 2
weights 102 2
weights 104 2
weights 106 2
weights 108 3
weights 111 3
weights 114 1
weights 115 1
weights 116 4
weights 120 4
weights 124 3
weights 127 3
weights 130 1
weights 131 1
weights 132 1
weights 133 1
weights 134 1
weights 135 1
weights 136 1
weights 137 1
weights 138 1
weights 139 1
weights 140 1
weights 141 1
weights 142 1
weights 143 1
weights 144 1
weights 145 1
weights 146 1
weights 147 1
weights 148 1
weights 149 1
weights 150 2
weights 152 2
weights 154 2
weights 156 2
weights 158 2
weights 160 2
weights 162 2
weights 164 2
weights 166 1
weights 167 1
weights 168 1
weights 169 1
weights 170 1
weights 171 1
weights 172 1
weights 173 1
weights 174 1
weights 175 1
weights 176 1
weights 177 1
weights 178 1
weights 179 1
weights 180 1
weights 181 1
weights 182 1
weights 183 1
weights 184 1
weights 185 1
weights 186 1
weights 187 1
weights 188 1
weights 189 1
weights 190 1
weights 191 1
weights 192 1
weights 193 1
weights 194 1
weights 195 1
weights 196 1
weights 197 1
weights 198 1
weights 199 1
weights 200 1
weights 201 1
weights 202 1
weights 203 1
weights 204 1
weights 205 1
weights 206 1
weights 207 1
weights 208 1
weights 209 1
weights 210 1
weights 211 1
weights 212 1
weights 213 1
weights 214 1
weights 215 1
weights 216 1
weights 217 1
tags 1
weights 218 1
weights 219
weight 0 0.18302929401397705
weight 10 0.6781286597251892
weight 14 0.13884209096431732
weight 0 0.18302929401397705
weight 10 0.13884206116199493
weight 14 0.6781285405158997
weight 0 0.42109668254852295
weight 10 0.1884620189666748
weight 14 0.3904414772987366
weight 0 0.4210966229438782
weight 10 0.39044150710105896
weight 14 0.18846194446086884
weight 0 0.5215988755226135
weight 10 0.43802133202552795
weight 14 0.030759591609239578
weight 0 0.5215988755226135
weight 10 0.030759600922465324
weight 14 0.43802130222320557
weight 0 0.2854739725589752
weight 10 0.6172576546669006
weight 14 0.09726867079734802
weight 0 0.28547391295433044
weight 10 0.09726868569850922
weight 14 0.6172575354576111
weight 0 0.3125688135623932
weight 10 0.343715637922287
weight 14 0.3437156677246094
weight 0 0.3624783158302307
weight 10 0.3187609612941742
weight 14 0.3187609016895294
weight 0 0.8001271486282349
weight 10 0.09993648529052734
weight 14 0.09993648529052734
weight 0 0.6436183452606201
weight 10 0.1781909018754959
weight 14 0.1781909018754959
weight 11 0.980380654335022
weight 15 0.9803807139396667
weight 11 0.9839933514595032
weight 15 0.983993411064148
weight 11 0.9759922027587891
weight 15 0.9759922027587891
weight 11 0.9765660166740417
weight 15 0.9765660166740417
weight 10 0.5316033363342285
weight 11 0.46839678287506104
weight 14 0.5316033363342285
weight 15 0.46839678287506104
weight 10 0.5321766138076782
weight 11 0.467823326587677
weight 14 0.5321766138076782
weight 15 0.467823326587677
weight 10 0.9081584811210632
weight 11 0.09184148162603378
weight 14 0.9081584811210632
weight 15 0.09184148907661438
weight 10 0.9005848169326782
weight 11 0.09941525012254715
weight 14 0.9005848169326782
weight 15 0.09941525012254715
weight 12 1.000000238418579
weight 16 1.0000001192092896
weight 12 1.0000001192092896
weight 16 1.0000001192092896
weight 12 1.0
weight 16 1.000000238418579
weight 12 1.0000001192092896
weight 16 1.000000238418579
weight 12 1.0000001192092896
weight 16 1.000000238418579
weight 12 1.0000001192092896
weight 16 1.0000001192092896
weight 12 1.0000001192092896
weight 16 1.0000001192092896
weight 12 1.0000001192092896
weight 16 1.0000001192092896
weight 12 0.5239394307136536
weight 13 0.4760605990886688
weight 16 0.5239394307136536
weight 17 0.4760605990886688
weight 12 0.03471056744456291
weight 13 0.9576447606086731
weight 16 0.03471056744456291
weight 17 0.9576447606086731
weight 12 0.03200436756014824
weight 13 0.9589978456497192
weight 16 0.03200436756014824
weight 17 0.9589978456497192
weight 12 0.5242292284965515
weight 13 0.4757707118988037
weight 16 0.5242292284965515
weight 17 0.4757707118988037
weight 12 0.8851834535598755
weight 13 0.11481665819883347
weight 16 0.8851834535598755
weight 17 0.11481665819883347
weight 12 0.06099686399102211
weight 13 0.9390032291412354
weight 16 0.06099686399102211
weight 17 0.9390032291412354
weight 12 0.06098765507340431
weight 13 0.939012348651886
weight 16 0.06098765507340431
weight 17 0.939012348651886
weight 12 0.8890340924263
weight 13 0.11096581071615219
weight 16 0.8890340924263
weight 17 0.11096581071615219
weight 5 0.8165468573570251
weight 1 0.0815659910440445
weight 6 0.08153804391622543
weight 1 0.12718279659748077
weight 5 0.7380063533782959
weight 6 0.1271788626909256
weight 0 0.9889774918556213
weight 0 0.9920402765274048
weight 1 0.2638702392578125
weight 5 0.6342746019363403
weight 0 0.017992671579122543
weight 6 0.0678572952747345
weight 5 0.6340867280960083
weight 6 0.26376351714134216
weight 0 0.018585946410894394
weight 1 0.06785540282726288
weight 1 0.6755983233451843
weight 5 0.2702372670173645
weight 6 0.0331617034971714
weight 1 0.03316165879368782
weight 5 0.2702059745788574
weight 6 0.6755802035331726
weight 0 0.9724943041801453
weight 0 0.9891899228096008
weight 0 0.9877216815948486
weight 0 0.9897984266281128
weight 1 1.0
weight 6 1.0
weight 1 0.9999998807907104
weight 6 0.9999998807907104
weight 1 0.9999998807907104
weight 6 1.0
weight 1 1.0
weight 6 1.0000001192092896
weight 1 0.9999998807907104
weight 6 0.9999998807907104
weight 1 0.9999998211860657
weight 6 0.9999998807907104
weight 1 1.0
weight 6 1.0000001192092896
weight 1 1.0
weight 6 1.0
weight 1 0.900584876537323
weight 2 0.09941521286964417
weight 6 0.900584876537323
weight 7 0.09941521286964417
weight 1 0.908158540725708
weight 2 0.09184148907661438
weight 6 0.908158540725708
weight 7 0.09184148907661438
weight 1 0.5321766138076782
weight 2 0.4678233861923218
weight 6 0.5321766138076782
weight 7 0.4678233861923218
weight 1 0.5316033363342285
weight 2 0.46839669346809387
weight 6 0.5316033363342285
weight 7 0.46839669346809387
weight 2 0.976565957069397
weight 7 0.976565957069397
weight 2 0.9759922623634338
weight 7 0.9759922623634338
weight 2 0.9839933514595032
weight 7 0.9839933514595032
weight 2 0.980380654335022
weight 7 0.980380654335022
weight 3 1.000000238418579
weight 8 1.000000238418579
weight 3 1.000000238418579
weight 8 1.0000003576278687
weight 3 1.0000003576278687
weight 8 1.0000003576278687
weight 3 1.000000238418579
weight 8 1.000000238418579
weight 3 1.0000001192092896
weight 8 1.0000001192092896
weight 3 1.000000238418579
weight 8 1.0000001192092896
weight 3 0.9999999403953552
weight 8 0.9999999403953552
weight 3 0.9999999403953552
weight 8 0.9999999403953552
weight 4 1.0
weight 9 1.0
weight 4 0.9999998807907104
weight 9 0.9999998807907104
weight 4 0.9999998807907104
weight 9 0.9999998807907104
weight 4 0.9999999403953552
weight 9 0.9999999403953552
weight 4 1.0000001192092896
weight 9 1.0000001192092896
weight 4 1.0
weight 9 1.0
weight 4 1.0
weight 9 1.0
weight 4 1.0000001192092896
weight 9 1.0000001192092896
weight 5 1.0000001192092896
weight 5 1.0000001192092896
weight 5 1.0000001192092896
weight 5 0.9999999403953552
weight 5 1.0
weight 5 1.0
weight 5 1.000000238418579
weight 5 1.0000001192092896
weight 5 1.0000001192092896
weight 5 1.0000001192092896
weight 5 0.9999999403953552
weight 5 1.0
weight 9 1.0
frames 200
matrix 1.0 0.0 0.0 0.0 0.0 1.0 0.0 0.0 0.0 0.0 1.0 0.0 0.0 0.0 0.0 1.0
matrix 1.0 0.0 0.0 0.0 0.0 1.0 1.354598679598851e-37 0.0 0.0 0.0 1.0 0.0 -1.183449887319031e-22 -4.7645603283054394e-21 0.0 1.0
matrix 1.0 5.029258124322408e-22 9.961912215973707e-23 0.0 5.029258124322408e-22 1.0 0.0 0.0 0.0 0.0 1.0 0.0 -1.580957587066223e-13 4.973799150320701e-14 7.460698725481052e-14 1.0
matrix 1.0 5.029258124322408e-22 -2.1096892152447267e-22 0.0 5.029258124322408e-22 1.0 0.0 0.0 0.0 0.0 1.0 0.0 -1.2168044349891716e-13 1.7763568394002505e-14 7.37188088351104e-14 1.0
matrix 1.0 -5.029258124322408e-22 -2.1096892152447267e-22 0.0 -5.029258124322408e-22 1.0 0.0 0.0 0.0 0.0 1.0 0.0 -1.5987211554602254e-14 1.0658141036401503e-14 -5.329070518200751e-15 1.0
matrix 1.0 -8.735027268559972e-22 -3.15705920801794e-24 0.0 -8.735027268559972e-22 1.0 0.0 0.0 0.0 0.0 1.0 0.0 5.45585067585249e-21 2.1316263438078166e-14 -1.2612133559741778e-13 1.0
matrix 1.0 0.0 0.0 0.0 0.0 1.0 1.354598679598851e-37 0.0 0.0 0.0 1.0 0.0 1.183449887319031e-22 -4.7645603283054394e-21 0.0 1.0
matrix 1.0 -5.029258124322408e-22 -9.961912215973707e-23 0.0 -5.029258124322408e-22 1.0 0.0 0.0 0.0 0.0 1.0 0.0 1.580957587066223e-13 4.973799150320701e-14 7.460698725481052e-14 1.0
matrix 1.0 5.029258124322408e-22 -9.9619172646835e-23 0.0 5.029258124322408e-22 1.0 0.0 0.0 -5.048709793414476e-29 0.0 1.0 0.0 -3.019806626980426e-14 -1.0658141036401503e-14 -5.329070518200751e-15 1.0
matrix 1.0 -5.029258124322408e-22 -9.9619172646835e-23 0.0 -5.029258124322408e-22 1.0 0.0 0.0 0.0 0.0 1.0 0.0 7.549516567451064e-14 5.3290705182007514e-14 7.37188088351104e-14 1.0
matrix 1.0 0.0 0.0 0.0 0.0 1.0 0.0 0.0 0.0 0.0 1.0 0.0 0.0 0.0 0.0 1.0
matrix 1.0 5.029258124322408e-22 -1.1134984985183353e-22 0.0 5.029258124322408e-22 1.0 0.0 0.0 0.0 0.0 1.0 0.0 -4.263256414560601e-14 7.1054243929856865e-15 1.2465910714793897e-22 1.0
matrix 1.0 -5.029258124322408e-22 -1.1134984985183353e-22 0.0 -5.029258124322408e-22 1.0 0.0 0.0 0.0 0.0 1.0 0.0 -3.952393967665557e-14 -3.552713678800501e-15 -2.6645352591003757e-15 1.0
matrix 1.0 0.0 0.0 0.0 0.0 1.0 1.6220175459600047e-37 0.0 0.0 -1.5974802493302915e-43 1.0 0.0 0.0 2.1316285460934795e-14 1.7763568394002505e-15 1.0
matrix 1.0 0.0 0.0 0.0 0.0 1.0 0.0 0.0 0.0 0.0 1.0 0.0 0.0 0.0 0.0 1.0
matrix 1.0 -5.029258124322408e-22 1.1134984985183353e-22 0.0 -5.029258124322408e-22 1.0 0.0 0.0 0.0 0.0 1.0 0.0 4.263256414560601e-14 7.1054243929856865e-15 1.2465910714793897e-22 1.0
matrix 1.0 -5.029258124322408e-22 -1.57852960400897e-24 0.0 -5.029258124322408e-22 1.0 0.0 0.0 0.0 0.0 1.0 0.0 6.217248937900877e-15 -1.7763568394002505e-14 3.730349362740526e-14 1.0
matrix 1.0 0.0 0.0 0.0 0.0 1.0 -1.1210387714598537e-44 0.0 0.0 0.0 1.0 0.0 0.0 -1.5881867761018131e-21 -1.7763568394002505e-15 1.0
matrix 1.0 0.0 0.0 0.0 0.0 1.0 0.0 0.0 0.0 0.0 1.0 0.0 0.0 0.0 0.0 1.0
time 1.03
matrix 1.0 0.0 0.0 0.0 0.0 0.9999832510948181 0.005789198912680149 0.0 0.0 -0.005789198912680149 0.9999832510948181 0.0 0.0 0.0 0.0 1.0
matrix 1.0 -2.588799502187527e-16 1.0382182923350078e-17 0.0 0.0 0.9999832510948181 0.005789198912680149 0.0 0.0 -0.005789198912680149 0.9999832510948181 0.0 -1.183449887319031e-22 -6.545690101056323e-10 1.7400614638063416e-07 1.0
matrix 1.0 -7.613353205520885e-15 5.820836434383692e-13 0.0 -7.105470556281312e-15 0.9998506903648376 0.01727914996445179 0.0 -5.821525986965392e-13 -0.01727914996445179 0.9998506903648376 0.0 6.245670647331281e-12 0.12638945877552032 0.00145833904389292 1.0
matrix 1.0 8.998318142851552e-15 -1.3009926252624537e-12 0.0 -1.4210755612347175e-14 0.9999999403953552 0.00026269908994436264 0.0 1.300893312343454e-12 -0.00026269908994436264 0.9999999403953552 0.0 -7.276845792603126e-12 0.03279897943139076 0.0006373821524903178 1.0
matrix 1.0 1.2317963929951454e-14 -1.3009919747411502e-12 0.0 -1.421075730641307e-14 0.9999999403953552 0.00026269908994436264 0.0 1.3008932039232368e-12 -0.00026269908994436264 0.9999999403953552 0.0 1.935340776526573e-12 0.032798975706100464 0.0006374417571350932 1.0
matrix 1.0 -5.837568430997386e-16 2.974985182421261e-17 0.0 -8.735027268559972e-22 0.9999832510948181 0.005789198912680149 0.0 0.0 -0.005789198912680149 0.9999832510948181 0.0 5.45585067585249e-21 -1.3091380202112646e-09 1.691982163265493e-07 1.0
matrix 1.0 2.588799502187527e-16 -1.0382182923350078e-17 0.0 0.0 0.9999832510948181 0.005789198912680149 0.0 0.0 -0.005789198912680149 0.9999832510948181 0.0 1.183449887319031e-22 -6.545690101056323e-10 1.7400614638063416e-07 1.0
matrix 1.0 -5.029258124322408e-22 7.459775798381724e-14 0.0 -6.127753977792829e-21 1.0 6.203748625921435e-11 0.0 -7.461326207488378e-14 -6.203748625921435e-11 1.0 0.0 9.78772618509538e-13 -0.06368118524551392 -0.00018405914306640625 1.0
matrix 1.0 -1.6373194304270672e-14 -1.8084918328512e-12 0.0 -1.4210717495864549e-14 0.9998552203178406 -0.017016487196087837 0.0 1.8085811711102129e-12 0.017016487196087837 0.9998552203178406 0.0 -9.976908188491507e-12 -0.1572718769311905 0.0006122367922216654 1.0
matrix 1.0 -1.915188419367251e-14 -1.8084840265955582e-12 0.0 -1.4210718342897496e-14 0.9998552203178406 -0.017016487196087837 0.0 1.8085810626899956e-12 0.017016487196087837 0.9998552203178406 0.0 2.787992059438693e-12 -0.1572718769311905 0.0006122963968664408 1.0
matrix 1.0 0.0 0.0 0.0 0.0 1.0 0.0 0.0 0.0 0.0 1.0 0.0 0.0 0.0 0.0 1.0
matrix 1.0 -1.63752525943325e-14 -1.883059246726715e-12 0.0 -1.4210712413666865e-14 0.9998552203178406 -0.017016489058732986 0.0 1.8829814010107304e-12 0.017016489058732986 0.9998552203178406 0.0 -4.263256414560601e-14 3.284762739586e-11 3.8597769425052775e-09 1.0
matrix 1.0 -3.552713678800501e-14 -3.766224311585464e-12 0.0 3.5527421391075287e-14 1.0 -8.5949380945749e-10 0.0 3.7661362743690585e-12 8.5949380945749e-10 1.0 0.0 2.0674129075359815e-11 -0.09359069168567657 0.0007963180541992188 1.0
matrix 1.0 -3.552713678800501e-14 -3.766224311585464e-12 0.0 3.5527421391075287e-14 1.0 -8.5949380945749e-10 0.0 3.7661362743690585e-12 8.5949380945749e-10 1.0 0.0 5.2725823707078234e-11 -0.09359069168567657 0.0007963180541992188 1.0
matrix 1.0 0.0 0.0 0.0 0.0 1.0 0.0 0.0 0.0 0.0 1.0 0.0 0.0 0.0 0.0 1.0
matrix 1.0 5.560885118776769e-16 -7.461857466552896e-14 0.0 5.135137242729196e-21 0.9999832510948181 0.005789198912680149 0.0 7.461348569158185e-14 -0.005789198912680149 0.9999832510948181 0.0 4.263256414560601e-14 3.802394163421319e-12 -1.3114409558312445e-09 1.0
matrix 1.0 2.1474580672183573e-15 -1.493930982610428e-13 0.0 1.0773200297890632e-20 0.9999330043792725 0.011578205041587353 0.0 1.4932151381260445e-13 -0.011578205041587353 0.9999330043792725 0.0 8.277822871605167e-13 -0.031839534640312195 -0.0002764489618130028 1.0
matrix 1.0 2.1474587024930677e-15 -1.493930982610428e-13 0.0 1.1276126110322873e-20 0.9999330043792725 0.011578205041587353 0.0 1.4932151381260445e-13 -0.011578205041587353 0.9999330043792725 0.0 2.0903279107642447e-12 -0.031839534640312195 -0.00027607911033555865 1.0
matrix 1.0 0.0 0.0 0.0 0.0 1.0 0.0 0.0 0.0 0.0 1.0 0.0 0.0 0.0 0.0 1.0
time 0.02
matrix 1.0 0.0 0.0 0.0 0.0 0.9997303485870361 0.023222004994750023 0.0 0.0 -0.023222004994750023 0.9997303485870361 0.0 0.0 0.0 0.0 1.0
matrix 1.0 1.0663721289458014e-15 -6.512956768935503e-17 0.0 0.0 0.9997303485870361 0.023222004994750023 0.0 0.0 -0.023222004994750023 0.9997303485870361 0.0 -1.183449887319031e-22 6.074718505999499e-09 2.191332413303826e-07 1.0
matrix 1.0 -8.212346276105509e-14 1.926232827756391e-12 0.0 -4.263270983527294e-14 0.9975935220718384 0.06933432817459106 0.0 -1.928008534074488e-12 -0.06933432817459106 0.9975935220718384 0.0 2.1049828546892968e-11 0.507235586643219 0.023505298420786858 1.0
matrix 1.0 1.3736520330497742e-13 -4.320873086410826e-12 0.0 -1.278973671761663e-13 0.9999997019767761 0.0008491923217661679 0.0 4.320765099874446e-12 -0.0008491923217661679 0.9999997019767761 0.0 -2.3885782240995468e-11 0.13056731224060059 0.010271281003952026 1.0
matrix 1.0 1.3974646364146165e-13 -4.320873953772564e-12 0.0 -1.278973671761663e-13 0.9999997019767761 0.0008491923217661679 0.0 4.320765099874446e-12 -0.0008491923217661679 0.9999997019767761 0.0 6.4650507169972116e-12 0.13056731224060059 0.010271340608596802 1.0
matrix 1.0 1.868015756930296e-15 1.6469098167120552e-17 0.0 -8.735027268559972e-22 0.9997303485870361 0.023222003132104874 0.0 0.0 -0.023222003132104874 0.9997303485870361 0.0 5.45585067585249e-21 -4.614368886990405e-09 1.9984777566151024e-07 1.0
matrix 1.0 -1.0663721289458014e-15 6.512956768935503e-17 0.0 0.0 0.9997303485870361 0.023222004994750023 0.0 0.0 -0.023222004994750023 0.9997303485870361 0.0 1.183449887319031e-22 6.074718505999499e-09 2.191332413303826e-07 1.0
matrix 1.0 -4.896909226313924e-22 2.4680246995395505e-13 0.0 -1.9124415762226e-20 1.0 1.0121894433723355e-09 0.0 -2.4678371325637105e-13 -1.012182337944978e-09 1.0 0.0 2.872369009310205e-12 -0.2554420530796051 -0.0029659271240234375 1.0
matrix 1.0 -2.1318713396174804e-13 -6.000598455624395e-12 0.0 -1.989515187794319e-13 0.997651994228363 -0.06848715245723724 0.0 6.001363468677301e-12 0.06848715245723724 0.997651994228363 0.0 -3.303757267758556e-11 -0.6321213841438293 0.00994813535362482 1.0
matrix 1.0 -2.1310514117245383e-13 -6.000383349913374e-12 0.0 -1.989515187794319e-13 0.997651994228363 -0.06848715245723724 0.0 6.001363468677301e-12 0.06848715245723724 0.997651994228363 0.0 9.07718344933528e-12 -0.6321213841438293 0.009948194958269596 1.0
matrix 1.0 0.0 0.0 0.0 0.0 1.0 0.0 0.0 0.0 0.0 1.0 0.0 0.0 0.0 0.0 1.0
matrix 1.0 -2.1322050028360628e-13 -6.246708879331653e-12 0.0 -2.131623463895796e-13 0.997651994228363 -0.06848715245723724 0.0 6.246764824163753e-12 0.06848715245723724 0.997651994228363 0.0 -4.263256414560601e-14 5.324541363371793e-10 1.5530648767025923e-08 1.0
matrix 1.0 -4.263256414560601e-13 -1.2494060473711155e-11 0.0 4.3343201749056204e-13 1.0 1.1670380217765342e-09 0.0 1.249429552874215e-11 -1.1670380217765342e-09 1.0 0.0 6.867928448173188e-11 -0.37667933106422424 0.012914180755615234 1.0
matrix 1.0 -4.263256414560601e-13 -1.2494060473711155e-11 0.0 4.3343201749056204e-13 1.0 1.1670380217765342e-09 0.0 1.249429552874215e-11 -1.1670380217765342e-09 1.0 0.0 1.7492007842179191e-10 -0.37667933106422424 0.012914657592773438 1.0
matrix 1.0 0.0 0.0 0.0 0.0 1.0 0.0 0.0 0.0 0.0 1.0 0.0 0.0 0.0 0.0 1.0
matrix 1.0 5.12786927652528e-15 -2.467076293689169e-13 0.0 1.8131799027162367e-20 0.9997303485870361 0.023222003132104874 0.0 2.4678729112354025e-13 -0.023222003132104874 0.9997303485870361 0.0 4.263256414560601e-14 6.10972314407654e-11 -5.260377466953514e-09 1.0
matrix 1.0 9.775583527339357e-15 -4.938501864393263e-13 0.0 7.105463780017734e-15 0.9989215135574341 0.04643148556351662 0.0 4.940535827668846e-13 -0.04643148556351662 0.9989215135574341 0.0 2.723599124010434e-12 -0.12765216827392578 -0.004448722582310438 1.0
matrix 1.0 9.775584374372304e-15 -4.938501864393263e-13 0.0 7.105464627050681e-15 0.9989215135574341 0.04643148556351662 0.0 4.940535827668846e-13 -0.04643148556351662 0.9989215135574341 0.0 6.916689443414725e-12 -0.12765216827392578 -0.004449090454727411 1.0
matrix 1.0 0.0 0.0 0.0 0.0 1.0 0.0 0.0 0.0 0.0 1.0 0.0 0.0 0.0 0.0 1.0
time 0.02
matrix 1.0 0.0 0.0 0.0 0.0 0.9986687898635864 0.051581915467977524 0.0 0.0 -0.051581915467977524 0.9986687898635864 0.0 0.0 0.0 0.0 1.0
matrix 1.0 -2.6985326205043215e-15 2.7793059470522876e-16 0.0 0.0 0.9986687898635864 0.051581915467977524 0.0 0.0 -0.051581915467977524 0.9986687898635864 0.0 -1.183449887319031e-22 -3.588451846781027e-08 -4.004654670097807e-07 1.0
matrix 1.0 -3.4977703784570824e-13 3.287334380402962e-12 0.0 -1.7053050052791285e-13 0.9881023168563843 0.153797909617424 0.0 -3.3002183884994762e-12 -0.153797909617424 0.9881023168563843 0.0 3.6144420789696596e-11 1.1243759393692017 0.11623077839612961 1.0
matrix 1.0 4.916856310120676e-13 -7.427975769191963e-12 0.0 -4.831685182157819e-13 0.9999992847442627 0.00122190045658499 0.0 7.428610677984171e-12 -0.00122190045658499 0.9999992847442627 0.0 -4.097877592812438e-11 0.2852078676223755 0.05079758167266846 1.0
matrix 1.0 4.888633443368706e-13 -7.427974034468487e-12 0.0 -4.831685182157819e-13 0.9999992847442627 0.00122190045658499 0.0 7.428611545345909e-12 -0.00122190045658499 0.9999992847442627 0.0 1.1127099242003169e-11 0.2852078378200531 0.05079758167266846 1.0
matrix 1.0 -5.985092877167997e-15 6.90487811953668e-16 0.0 -8.735027268559972e-22 0.9986687898635864 0.051581915467977524 0.0 0.0 -0.051581915467977524 0.9986687898635864 0.0 5.45585067585249e-21 -4.5692008399100814e-08 -4.4330317905405536e-07 1.0
matrix 1.0 2.6985326205043215e-15 -2.7793059470522876e-16 0.0 0.0 0.9986687898635864 0.051581915467977524 0.0 0.0 -0.051581915467977524 0.9986687898635864 0.0 1.183449887319031e-22 -3.588451846781027e-08 -4.004654670097807e-07 1.0
matrix 1.0 -4.632211430296955e-22 4.218501633082572e-13 0.0 7.105395170349006e-15 1.0 4.811610665456101e-09 0.0 -4.2247265798558975e-13 -4.811610665456101e-09 1.0 0.0 4.8050452505776775e-12 -0.5674010515213013 -0.014643669128417969 1.0
matrix 1.0 -8.203159831098039e-13 -1.0296855382230241e-11 0.0 -7.460691136065845e-13 0.9882895350456238 -0.15259043872356415 0.0 1.0301343111862593e-11 0.15259043872356415 0.9882895350456238 0.0 -5.668709945894079e-11 -1.4066485166549683 0.049763958901166916 1.0
matrix 1.0 -8.20871311462551e-13 -1.0296945587850992e-11 0.0 -7.460691136065845e-13 0.9882895350456238 -0.15259043872356415 0.0 1.0301343111862593e-11 0.15259043872356415 0.9882895350456238 0.0 1.552713513319759e-11 -1.4066485166549683 0.04976401850581169 1.0
matrix 1.0 0.0 0.0 0.0 0.0 1.0 0.0 0.0 0.0 0.0 1.0 0.0 0.0 0.0 0.0 1.0
matrix 1.0 -8.204824081432804e-13 -1.0715579465414571e-11 0.0 -8.171233329724858e-13 0.9882895350456238 -0.15259043872356415 0.0 1.0715511811199008e-11 0.15259043872356415 0.9882895350456238 0.0 -4.263256414560601e-14 2.6548125919845234e-09 3.459291875174131e-08 1.0
matrix 1.0 -1.6413537196058314e-12 -2.1432982125202393e-11 0.0 1.6484607732666912e-12 1.0 1.8645920363269397e-09 0.0 2.1432652527741958e-11 -1.8645920363269397e-09 1.0 0.0 1.1783996001213382e-10 -0.8392474055290222 0.0644073486328125 1.0
matrix 1.0 -1.6413537196058314e-12 -2.1432982125202393e-11 0.0 1.6484607732666912e-12 1.0 1.8645920363269397e-09 0.0 2.1432652527741958e-11 -1.8645920363269397e-09 1.0 0.0 3.0005731233018196e-10 -0.839247465133667 0.0644073486328125 1.0
matrix 1.0 0.0 0.0 0.0 0.0 1.0 0.0 0.0 0.0 0.0 1.0 0.0 0.0 0.0 0.0 1.0
matrix 1.0 1.2852403603186291e-14 -4.225593941593886e-13 0.0 7.10545869782005e-15 0.9986687898635864 0.051581911742687225 0.0 4.2249024916583833e-13 -0.051581911742687225 0.9986687898635864 0.0 4.263256414560601e-14 3.0155725139202616e-10 -1.16842464592537e-08 1.0
matrix 1.0 4.1680509277287545e-14 -8.447491837981769e-13 0.0 3.5527201162509e-14 0.9946786761283875 0.10302650183439255 0.0 8.451061573634677e-13 -0.10302650183439255 0.9946786761283875 0.0 4.654499008438506e-12 -0.2829452455043793 -0.021945470944046974 1.0
matrix 1.0 4.1680509277287545e-14 -8.447491295880682e-13 0.0 3.5527201162509e-14 0.9946786761283875 0.10302650183439255 0.0 8.451061573634677e-13 -0.10302650183439255 0.9946786761283875 0.0 1.1831424728825368e-11 -0.28294530510902405 -0.021945271641016006 1.0
matrix 1.0 0.0 0.0 0.0 0.0 1.0 0.0 0.0 0.0 0.0 1.0 0.0 0.0 0.0 0.0 1.0
time 0.02
matrix 1.0 0.0 0.0 0.0 0.0 0.9960625171661377 0.08865376561880112 0.0 0.0 -0.08865376561880112 0.9960625171661377 0.0 0.0 0.0 0.0 1.0
matrix 1.0 1.925859848656529e-15 -1.1652584609774127e-16 0.0 0.0 0.9960625171661377 0.08865376561880112 0.0 0.0 -0.08865376561880112 0.9960625171661377 0.0 -1.183449887319031e-22 1.4708703588439676e-08 1.6479367559441016e-07 1.0
matrix 1.0 -6.994355723939638e-13 3.93545612764612e-12 0.0 -3.481662386780465e-13 0.9648250937461853 0.26289278268814087 0.0 -3.983968970694418e-12 -0.26289278268814087 0.9648250937461853 0.0 4.366551564771726e-11 1.916629433631897 0.34361177682876587 1.0
matrix 1.0 1.0345434361611061e-12 -8.989487973454224e-12 0.0 -1.0160754616156398e-12 0.9999996423721313 0.0008896844810806215 0.0 8.989773335466023e-12 -0.0008896844810806215 0.9999996423721313 0.0 -4.956568488978519e-11 0.4756122827529907 0.150151789188385 1.0
matrix 1.0 1.0331359249007854e-12 -8.989491442901176e-12 0.0 -1.0160754616156398e-12 0.9999996423721313 0.0008896844810806215 0.0 8.989773335466023e-12 -0.0008896844810806215 0.9999996423721313 0.0 1.3468337556332699e-11 0.47561225295066833 0.150151789188385 1.0
matrix 1.0 2.8410778893736164e-15 -1.2813624581976417e-16 0.0 -8.735027268559972e-22 0.9960625171661377 0.08865376561880112 0.0 0.0 -0.08865376561880112 0.9960625171661377 0.0 5.45585067585249e-21 7.065664942018657e-09 9.116864418956538e-08 1.0
matrix 1.0 -1.925859848656529e-15 1.1652584609774127e-16 0.0 0.0 0.9960625171661377 0.08865376561880112 0.0 0.0 -0.08865376561880112 0.9960625171661377 0.0 1.183449887319031e-22 1.4708703588439676e-08 1.6479367559441016e-07 1.0
matrix 1.0 -2.1316282072803006e-14 5.090720596803711e-13 0.0 2.1316243109287432e-14 1.0 8.706706466909964e-09 0.0 -5.086457513861498e-13 -8.706706466909964e-09 1.0 0.0 5.752731624397711e-12 -0.9751912951469421 -0.04331207275390625 1.0
matrix 1.0 -1.7431458837133262e-12 -1.2416716092811253e-11 0.0 -1.5702984702478662e-12 0.9650585651397705 -0.2620342969894409 0.0 1.2440395935620074e-11 0.2620342969894409 0.9650585651397705 0.0 -6.845191080628865e-11 -2.416379928588867 0.1488659381866455 1.0
matrix 1.0 -1.7451223842737673e-12 -1.2416581651741865e-11 0.0 -1.5702984702478662e-12 0.9650585651397705 -0.2620342969894409 0.0 1.2440395935620074e-11 0.2620342969894409 0.9650585651397705 0.0 1.8736123763574142e-11 -2.416379928588867 0.1488659381866455 1.0
matrix 1.0 0.0 0.0 0.0 0.0 1.0 0.0 0.0 0.0 0.0 1.0 0.0 0.0 0.0 0.0 1.0
matrix 1.0 -1.7223261662355216e-12 -1.2923148662302708e-11 0.0 -1.7195124447574872e-12 0.9650585651397705 -0.2620342969894409 0.0 1.2924077606724094e-11 0.2620342969894409 0.9650585651397705 0.0 -4.263256414560601e-14 7.919184419336034e-09 5.938788660841965e-08 1.0
matrix 1.0 -3.446132268436486e-12 -2.5848208989875943e-11 0.0 3.4532396473579974e-12 1.0 1.7975928301439126e-08 0.0 2.584920645587463e-11 -1.7975931854152805e-08 1.0 0.0 1.421311957017224e-10 -1.4411885738372803 0.19217777252197266 1.0
matrix 1.0 -3.446132268436486e-12 -2.5848208989875943e-11 0.0 3.4532396473579974e-12 1.0 1.7975928301439126e-08 0.0 2.584920645587463e-11 -1.7975931854152805e-08 1.0 0.0 3.618887411960259e-10 -1.4411885738372803 0.19217777252197266 1.0
matrix 1.0 0.0 0.0 0.0 0.0 1.0 0.0 0.0 0.0 0.0 1.0 0.0 0.0 0.0 0.0 1.0
matrix 1.0 2.5183102673499713e-14 -5.087324875599486e-13 0.0 2.1316319342252685e-14 0.9960625171661377 0.08865375816822052 0.0 5.086977388803204e-13 -0.08865375816822052 0.9960625171661377 0.0 4.263256414560601e-14 8.91899221144854e-10 -2.0081044382891378e-08 1.0
matrix 1.0 8.989017890497289e-14 -1.0165984807436468e-12 0.0 8.526520283011138e-14 0.984281063079834 0.17660939693450928 0.0 1.0157149643932883e-12 -0.17660939693450928 0.984281063079834 0.0 5.5928595088516886e-12 -0.48375600576400757 -0.06479815393686295 1.0
matrix 1.0 8.989017212870931e-14 -1.0165984807436468e-12 0.0 8.526520283011138e-14 0.984281063079834 0.17660939693450928 0.0 1.0157149643932883e-12 -0.17660939693450928 0.984281063079834 0.0 1.4220180588608855e-11 -0.4837559759616852 -0.06479820609092712 1.0
matrix 1.0 0.0 0.0 0.0 0.0 1.0 0.0 0.0 0.0 0.0 1.0 0.0 0.0 0.0 0.0 1.0
time 0.02
matrix 1.0 0.0 0.0 0.0 0.0 0.9914441704750061 0.1305314600467682 0.0 0.0 -0.1305314600467682 0.9914441704750061 0.0 0.0 0.0 0.0 1.0
matrix 1.0 -1.229421471429722e-16 -1.251198953201426e-16 0.0 0.0 0.9914441704750061 0.1305314600467682 0.0 0.0 -0.1305314600467682 0.9914441704750061 0.0 -1.183449887319031e-22 -1.8708769644604217e-08 -2.872172899515135e-07 1.0
matrix 1.0 -9.593973835861358e-13 3.549529377019911e-12 0.0 -4.831693313674112e-13 0.923861563205719 0.382726788520813 0.0 -3.644876934993935e-12 -0.382726788520813 0.923861563205719 0.0 3.993605446339643e-11 2.77414870262146 0.7434083223342896 1.0
matrix 1.0 1.3784534494756806e-12 -8.199664905395032e-12 0.0 -1.3855576842108919e-12 1.0 -8.768571569817141e-05 0.0 8.196412298877576e-12 8.768571569817141e-05 1.0 0.0 -4.5202064313798473e-11 0.6686691045761108 0.3246469497680664 1.0
matrix 1.0 1.3784523652735081e-12 -8.19966577275677e-12 0.0 -1.3855576842108919e-12 1.0 -8.768571569817141e-05 0.0 8.196412298877576e-12 8.768571569817141e-05 1.0 0.0 1.2278178473934531e-11 0.6686691045761108 0.3246469497680664 1.0
matrix 1.0 -1.7339263120943224e-15 -1.9797288147612975e-16 0.0 -8.735027268559972e-22 0.9914441704750061 0.1305314600467682 0.0 0.0 -0.1305314600467682 0.9914441704750061 0.0 5.45585067585249e-21 -2.251637809536078e-08 -3.956207876854023e-07 1.0
matrix 1.0 1.229421471429722e-16 1.251198953201426e-16 0.0 0.0 0.9914441704750061 0.1305314600467682 0.0 0.0 -0.1305314600467682 0.9914441704750061 0.0 1.183449887319031e-22 -1.8708769644604217e-08 -2.872172899515135e-07 1.0
matrix 1.0 -2.842170943040401e-14 4.664111436479546e-13 0.0 2.8421673855020223e-14 1.0 1.6295516047648562e-09 0.0 -4.660262518767222e-13 -1.6295516047648562e-09 1.0 0.0 5.283773418796045e-12 -1.4358460903167725 -0.09411430358886719 1.0
matrix 1.0 -2.3663833479542484e-12 -1.1287208147303662e-11 0.0 -2.1316273399185626e-12 0.9238280057907104 -0.38280782103538513 0.0 1.133335005704117e-11 0.38280782103538513 0.9238280057907104 0.0 -6.236344773924429e-11 -3.5412888526916504 0.32483184337615967 1.0
matrix 1.0 -2.3647488047590093e-12 -1.1288399902331658e-11 0.0 -2.1316273399185626e-12 0.9238280057907104 -0.38280782103538513 0.0 1.133335005704117e-11 0.38280782103538513 0.9238280057907104 0.0 1.7075230118734908e-11 -3.5412890911102295 0.32483184337615967 1.0
matrix 1.0 0.0 0.0 0.0 0.0 1.0 0.0 0.0 0.0 0.0 1.0 0.0 0.0 0.0 0.0 1.0
matrix 1.0 -2.339044105972854e-12 -1.1743842877331989e-11 0.0 -2.3376847332889916e-12 0.9238280057907104 -0.38280782103538513 0.0 1.1744227985943656e-11 0.38280782103538513 0.9238280057907104 0.0 -4.263256414560601e-14 1.7259495166399574e-08 8.673879392517847e-08 1.0
matrix 1.0 -4.675371201301459e-12 -2.3496987341942166e-11 0.0 4.675372936024935e-12 1.0 2.043346114533051e-08 0.0 2.3498534715282737e-11 -2.043346469804419e-08 1.0 0.0 1.2920242653535752e-10 -2.105443000793457 0.4189457893371582 1.0
matrix 1.0 -4.675371201301459e-12 -2.3496987341942166e-11 0.0 4.675372936024935e-12 1.0 2.043346114533051e-08 0.0 2.3498534715282737e-11 -2.043346469804419e-08 1.0 0.0 3.28979510300087e-10 -2.105443000793457 0.4189453125 1.0
matrix 1.0 0.0 0.0 0.0 0.0 1.0 0.0 0.0 0.0 0.0 1.0 0.0 0.0 0.0 0.0 1.0
matrix 1.0 2.958992371872998e-14 -4.66112988050521e-13 0.0 2.84217433117219e-14 0.9914441704750061 0.1305314600467682 0.0 4.661392257430952e-13 -0.1305314600467682 0.9914441704750061 0.0 4.263256414560601e-14 1.9379395865826154e-09 -2.9565951464860518e-08 1.0
matrix 1.0 1.2262531213971112e-13 -9.269013508117485e-13 0.0 1.207923328418528e-13 0.9659230709075928 0.2588293254375458 0.0 9.280345589224304e-13 -0.2588293254375458 0.9659230709075928 0.0 5.1105786269545206e-12 -0.7056382894515991 -0.14036601781845093 1.0
matrix 1.0 1.2262531213971112e-13 -9.269012423915313e-13 0.0 1.207923328418528e-13 0.9659230709075928 0.2588293254375458 0.0 9.280345589224304e-13 -0.2588293254375458 0.9659230709075928 0.0 1.2992273923373432e-11 -0.7056381702423096 -0.140365868806839 1.0
matrix 1.0 0.0 0.0 0.0 0.0 1.0 0.0 0.0 0.0 0.0 1.0 0.0 0.0 0.0 0.0 1.0
time 0.02
matrix 1.0 0.0 0.0 0.0 0.0 0.9850661754608154 0.172176331281662 0.0 0.0 -0.172176331281662 0.9850661754608154 0.0 0.0 0.0 0.0 1.0
matrix 1.0 -2.5916955078341894e-15 -4.1037560448344695e-16 0.0 0.0 0.9850661754608154 0.172176331281662 0.0 0.0 -0.172176331281662 0.9850661754608154 0.0 -1.183449887319031e-22 4.61926532580037e-08 -3.814070339558384e-07 1.0
matrix 1.0 -8.765944784286384e-13 2.420167365124737e-12 0.0 -4.405366859066423e-13 0.8680859804153442 0.496413916349411 0.0 -2.5376831712387027e-12 -0.496413916349411 0.8680859804153442 0.0 2.7756463794048614e-11 3.5666136741638184 1.2867810726165771 1.0
matrix 1.0 1.272824510720194e-12 -5.677262045894471e-12 0.0 -1.2718710633297103e-12 0.9999995231628418 -0.0010466617532074451 0.0 5.676072025589951e-12 0.0010466617532074451 0.9999995231628418 0.0 -3.134026371753862e-11 0.8305804133415222 0.5612571239471436 1.0
matrix 1.0 1.2709184833009646e-12 -5.677259443809257e-12 0.0 -1.2718710633297103e-12 0.9999995231628418 -0.0010466617532074451 0.0 5.676072025589951e-12 0.0010466617532074451 0.9999995231628418 0.0 8.498091119690798e-12 0.8305804133415222 0.5612571239471436 1.0
matrix 1.0 -7.146178959726354e-15 -8.411926021434227e-16 0.0 -8.735027268559972e-22 0.9850661754608154 0.172176331281662 0.0 0.0 -0.172176331281662 0.9850661754608154 0.0 5.45585067585249e-21 4.7681822934464435e-08 -5.243956593403709e-07 1.0
matrix 1.0 2.5916955078341894e-15 4.1037560448344695e-16 0.0 0.0 0.9850661754608154 0.172176331281662 0.0 0.0 -0.172176331281662 0.9850661754608154 0.0 1.183449887319031e-22 4.61926532580037e-08 -3.814070339558384e-07 1.0
matrix 1.0 -2.1316282072803006e-14 3.267434066367425e-13 0.0 2.1316256661814588e-14 1.0 2.104748375586496e-09 0.0 -3.2715372294891965e-13 -2.104748375586496e-09 1.0 0.0 3.75699471533153e-12 -1.8939396142959595 -0.16427230834960938 1.0
matrix 1.0 -2.182608694473176e-12 -7.770296558962109e-12 0.0 -1.968202727534174e-12 0.867565929889679 -0.4973222315311432 0.0 7.827113956970777e-12 0.4973222315311432 0.867565929889679 0.0 -4.3079317890715174e-11 -4.62921142578125 0.5641156435012817 1.0
matrix 1.0 -2.1853469554800053e-12 -7.769311236027754e-12 0.0 -1.968202727534174e-12 0.867565929889679 -0.4973222315311432 0.0 7.827113956970777e-12 0.4973222315311432 0.867565929889679 0.0 1.1816325695690466e-11 -4.62921142578125 0.5641156435012817 1.0
matrix 1.0 0.0 0.0 0.0 0.0 1.0 0.0 0.0 0.0 0.0 1.0 0.0 0.0 0.0 0.0 1.0
matrix 1.0 -2.1560691600142068e-12 -8.086449912458882e-12 0.0 -2.1529438388318e-12 0.867565929889679 -0.4973222315311432 0.0 8.089644405739893e-12 0.4973222315311432 0.867565929889679 0.0 -4.263256414560601e-14 3.000196358016183e-08 1.1266461541481476e-07 1.0
matrix 1.0 -4.320099833421409e-12 -1.6183717560513955e-11 0.0 4.312995707106415e-12 1.0 -5.855774531937641e-09 0.0 1.6187542625778484e-11 5.855767426510283e-09 1.0 0.0 8.899192494027375e-11 -2.735272169113159 0.7283878326416016 1.0
matrix 1.0 -4.320099833421409e-12 -1.6183717560513955e-11 0.0 4.312995707106415e-12 1.0 -5.855774531937641e-09 0.0 1.6187542625778484e-11 5.855767426510283e-09 1.0 0.0 2.266253851246347e-10 -2.735272169113159 0.7283878326416016 1.0
matrix 1.0 0.0 0.0 0.0 0.0 1.0 0.0 0.0 0.0 0.0 1.0 0.0 0.0 0.0 0.0 1.0
matrix 1.0 2.7742189106930507e-14 -3.272404591227185e-13 0.0 2.131630578972553e-14 0.9850661754608154 0.172176331281662 0.0 3.273508580089318e-13 -0.172176331281662 0.9850661754608154 0.0 4.263256414560601e-14 3.3825104939211315e-09 -3.89978360715304e-08 1.0
matrix 1.0 1.136961618602994e-13 -6.462766519860219e-13 0.0 1.0658145779786007e-13 0.9407106041908264 0.3392101526260376 0.0 6.493013049967133e-13 -0.3392101526260376 0.9407106041908264 0.0 3.5775826745521044e-12 -0.9186860918998718 -0.243955597281456 1.0
matrix 1.0 1.136961618602994e-13 -6.462765977759133e-13 0.0 1.0658145779786007e-13 0.9407106041908264 0.3392101526260376 0.0 6.493013049967133e-13 -0.3392101526260376 0.9407106041908264 0.0 9.090062036420932e-12 -0.9186858534812927 -0.24395544826984406 1.0
matrix 1.0 0.0 0.0 0.0 0.0 1.0 0.0 0.0 0.0 0.0 1.0 0.0 0.0 0.0 0.0 1.0
time 0.02
matrix 1.0 0.0 0.0 0.0 0.0 0.9779889583587646 0.20865672826766968 0.0 0.0 -0.20865672826766968 0.9779889583587646 0.0 0.0 0.0 0.0 1.0
matrix 1.0 -1.48013755928416e-15 -5.02242892118517e-16 0.0 0.0 0.9779889583587646 0.20865672826766968 0.0 0.0 -0.20865672826766968 0.9779889583587646 0.0 -1.183449887319031e-22 -3.733685005613552e-08 -4.11703183544887e-07 1.0
matrix 1.0 -5.446315056931161e-13 1.203614031358713e-12 0.0 -2.700063480090553e-13 0.8074105381965637 0.5899900197982788 0.0 -1.2942919305758416e-12 -0.5899900197982788 0.8074105381965637 0.0 1.4079404309086385e-11 4.194666385650635 1.8763614892959595 1.0
matrix 1.0 7.816034603390365e-13 -2.8733651742662847e-12 0.0 -7.815967924956757e-13 0.9999991059303284 -0.0013322520535439253 0.0 2.870455826156637e-12 0.0013322520535439253 0.9999991059303284 0.0 -1.5909051853668643e-11 0.9423937797546387 0.8171250224113464 1.0
matrix 1.0 7.815905583331839e-13 -2.8733712457984506e-12 0.0 -7.815967924956757e-13 0.9999991059303284 -0.0013322520535439253 0.0 2.870455826156637e-12 0.0013322520535439253 0.9999991059303284 0.0 4.289901767151605e-12 0.9423938393592834 0.8171250224113464 1.0
matrix 1.0 3.661116531873633e-15 -1.1056071185790942e-15 0.0 -8.735027268559972e-22 0.9779888987541199 0.20865672826766968 0.0 0.0 -0.20865672826766968 0.9779888987541199 0.0 5.45585067585249e-21 -2.997011705474506e-08 7.066320506510237e-08 1.0
matrix 1.0 1.48013755928416e-15 5.02242892118517e-16 0.0 0.0 0.9779889583587646 0.20865672826766968 0.0 0.0 -0.20865672826766968 0.9779889583587646 0.0 1.183449887319031e-22 -3.733685005613552e-08 -4.11703183544887e-07 1.0
matrix 1.0 -1.4210854715202004e-14 1.6600249278485302e-13 0.0 1.4210842009707795e-14 1.0 1.720521680681486e-08 0.0 -1.660076834027538e-13 -1.720521680681486e-08 1.0 0.0 1.9841905896100798e-12 -2.2952239513397217 -0.24212169647216797 1.0
matrix 1.0 -1.3513932811334839e-12 -3.911145279172912e-12 0.0 -1.2221331802467206e-12 0.8066238164901733 -0.5910651683807373 0.0 3.951453313860709e-12 0.5910651683807373 0.8066238164901733 0.0 -2.176303581791217e-11 -5.546082019805908 0.8214479088783264 1.0
matrix 1.0 -1.353026523286116e-12 -3.9106361378327126e-12 0.0 -1.2221331802467206e-12 0.8066238164901733 -0.5910651683807373 0.0 3.951453313860709e-12 0.5910651683807373 0.8066238164901733 0.0 6.002309760333446e-12 -5.546082019805908 0.8214479088783264 1.0
matrix 1.0 0.0 0.0 0.0 0.0 1.0 0.0 0.0 0.0 0.0 1.0 0.0 0.0 0.0 0.0 1.0
matrix 1.0 -1.3328250178870626e-12 -4.065206071074412e-12 0.0 -1.3287145906107356e-12 0.8066238164901733 -0.5910651683807373 0.0 4.0711483663413706e-12 0.5910651683807373 0.8066238164901733 0.0 -4.263256414560601e-14 4.380249762903077e-08 1.3388473973918735e-07 1.0
matrix 1.0 -2.6716406864579767e-12 -8.139914089988487e-12 0.0 2.67164133697928e-12 1.0 -7.81085418566363e-09 0.0 8.145201527143264e-12 7.810847080236272e-09 1.0 0.0 4.475930737157796e-11 -3.2508583068847656 1.0635695457458496 1.0
matrix 1.0 -2.6716406864579767e-12 -8.139914089988487e-12 0.0 2.67164133697928e-12 1.0 -7.81085418566363e-09 0.0 8.145201527143264e-12 7.810847080236272e-09 1.0 0.0 1.1403278321608923e-10 -3.2508583068847656 1.0635700225830078 1.0
matrix 1.0 0.0 0.0 0.0 0.0 1.0 0.0 0.0 0.0 0.0 1.0 0.0 0.0 0.0 0.0 1.0
