type model
name Simple Woman 
version 
author TiZeta
date February 6, 2013
copyright TiZeta
license Creative Commons Attribution 3.0
url http://www.blendswap.com/blends/view/66413
email 
tool blender - a 3D modelling and rendering package
comment Downloaded from http://www.blendswap.com
xl 0.0.136
object SimpleWoman.xlc
bones 20
name root
parents 0 0
name bacino
parents 0 1
name addome
parents 1 2
name schiena
parents 3 3
name collo
parents 6 4
name testa
parents 10 5
name bicipite_L
parents 15 4
name avambraccio_L
parents 19 5
name mano_L
parents 24 6
name bicipite_R
parents 30 4
name avambraccio_R
parents 34 5
name mano_R
parents 39 6
name gamba_L
parents 45 1
name polpaccio_L
parents 46 2
name piede_L
parents 48 3
name avampiede_L
parents 51 4
name gamba_R
parents 55 1
name polpaccio_R
parents 56 2
name piede_R
parents 58 3
name avampiede_R
parents 61 4
parents 65
bone 0
bone 1
bone 0
bone 2
bone 1
bone 0
bone 3
bone 2
bone 1
bone 0
bone 4
bone 3
bone 2
bone 1
bone 0
bone 3
bone 2
bone 1
bone 0
bone 6
bone 3
bone 2
bone 1
bone 0
bone 7
bone 6
bone 3
bone 2
bone 1
bone 0
bone 3
bone 2
bone 1
bone 0
bone 9
bone 3
bone 2
bone 1
bone 0
bone 10
bone 9
bone 3
bone 2
bone 1
bone 0
bone 0
bone 12
bone 0
bone 13
bone 12
bone 0
bone 14
bone 13
bone 12
bone 0
bone 0
bone 16
bone 0
bone 17
bone 16
bone 0
bone 18
bone 17
bone 16
bone 0
vertices 504
weights 0 0
weights 0 0
weights 0 0
weights 0 0
weights 0 1
weights 1 0
weights 1 0
weights 1 0
weights 1 0
weights 1 0
weights 1 0
weights 1 0
weights 1 0
weights 1 0
weights 1 0
weights 1 0
weights 1 0
weights 1 0
weights 1 0
weights 1 0
weights 1 0
weights 1 0
weights 1 0
weights 1 0
weights 1 0
weights 1 1
weights 2 0
weights 2 0
weights 2 0
weights 2 0
weights 2 1
weights 3 1
weights 4 1
weights 5 1
weights 6 1
weights 7 0
weights 7 0
weights 7 0
weights 7 0
weights 7 0
weights 7 0
weights 7 0
weights 7 1
weights 8 0
weights 8 1
weights 9 1
weights 10 0
weights 10 1
weights 11 0
weights 11 1
weights 12 1
weights 13 1
weights 14 1
weights 15 1
weights 16 1
weights 17 1
weights 18 1
weights 19 1
weights 20 1
weights 21 1
weights 22 1
weights 23 1
weights 24 1
weights 25 1
weights 26 0
weights 26 0
weights 26 0
weights 26 0
weights 26 0
weights 26 0
weights 26 0
weights 26 1
weights 27 0
weights 27 0
weights 27 0
weights 27 0
weights 27 0
weights 27 0
weights 27 0
weights 27 0
weights 27 1
weights 28 1
weights 29 1
weights 30 1
weights 31 1
weights 32 1
weights 33 1
weights 34 1
weights 35 1
weights 36 1
weights 37 1
weights 38 1
weights 39 1
weights 40 1
weights 41 1
weights 42 1
weights 43 1
weights 44 1
weights 45 1
weights 46 0
weights 46 0
weights 46 0
weights 46 0
weights 46 0
weights 46 1
weights 47 1
weights 48 1
weights 49 1
weights 50 1
weights 51 1
weights 52 1
weights 53 1
weights 54 1
weights 55 1
weights 56 1
weights 57 1
weights 58 1
weights 59 1
weights 60 1
weights 61 1
weights 62 0
weights 62 1
weights 63 1
weights 64 1
weights 65 1
weights 66 1
weights 67 1
weights 68 1
weights 69 1
weights 70 1
weights 71 1
weights 72 1
weights 73 1
weights 74 1
weights 75 1
weights 76 1
weights 77 0
weights 77 0
weights 77 1
weights 78 1
weights 79 1
weights 80 1
weights 81 1
weights 82 3
weights 85 3
weights 88 2
weights 90 2
weights 92 2
weights 94 2
weights 96 2
weights 98 2
weights 100 2
weights 102 2
weights 104 3
weights 107 3
weights 110 3
weights 113 3
weights 116 3
weights 119 3
weights 122 4
weights 126 4
weights 130 3
weights 133 3
weights 136 3
weights 139 3
weights 142 3
weights 145 3
weights 148 4
weights 152 4
weights 156 3
weights 159 3
weights 162 4
weights 166 4
weights 170 3
weights 173 3
weights 176 2
weights 178 2
weights 180 1
weights 181 2
weights 183 3
weights 186 3
weights 189 3
weights 192 3
weights 195 4
weights 199 4
weights 203 4
weights 207 2
weights 209 2
weights 211 1
weights 212 1
weights 213 1
weights 214 1
weights 215 2
weights 217 2
weights 219 2
weights 221 2
weights 223 3
weights 226 3
weights 229 2
weights 231 2
weights 233 2
weights 235 2
weights 237 2
weights 239 2
weights 241 2
weights 243 2
weights 245 2
weights 247 2
weights 249 2
weights 251 2
weights 253 2
weights 255 2
weights 257 3
weights 260 3
weights 263 1
weights 264 1
weights 265 2
weights 267 2
weights 269 1
weights 270 1
weights 271 1
weights 272 1
weights 273 1
weights 274 1
weights 275 1
weights 276 1
weights 277 2
weights 279 2
weights 281 3
weights 284 3
weights 287 2
weights 289 2
weights 291 1
weights 292 1
weights 293 3
weights 296 3
weights 299 2
weights 301 2
weights 303 2
weights 305 3
weights 308 3
weights 311 3
weights 314 3
weights 317 2
weights 319 2
weights 321 2
weights 323 2
weights 325 2
weights 327 2
weights 329 2
weights 331 1
weights 332 1
weights 333 2
weights 335 2
weights 337 1
weights 338 1
weights 339 3
weights 342 3
weights 345 3
weights 348 3
weights 351 2
weights 353 2
weights 355 3
weights 358 3
weights 361 4
weights 365 4
weights 369 4
weights 373 4
weights 377 4
weights 381 4
weights 385 4
weights 389 3
weights 392 3
weights 395 3
weights 398 3
weights 401 2
weights 403 2
weights 405 2
weights 407 2
weights 409 2
weights 411 2
weights 413 2
weights 415 2
weights 417 2
weights 419 2
weights 421 2
weights 423 2
weights 425 2
weights 427 2
weights 429 3
weights 432 3
weights 435 3
weights 438 3
weights 441 3
weights 444 3
weights 447 4
weights 451 2
weights 453 2
weights 455 2
weights 457 2
weights 459 2
weights 461 2
weights 463 2
weights 465 2
weights 467 2
weights 469 2
weights 471 2
weights 473 2
weights 475 2
weights 477 2
weights 479 2
weights 481 2
weights 483 1
weights 484 1
weights 485 1
weights 486 1
weights 487 1
weights 488 1
weights 489 1
weights 490 1
weights 491 1
weights 492 3
weights 495 3
weights 498 1
weights 499 1
weights 500 3
weights 503 3
weights 506 5
weights 511 4
weights 515 4
weights 519 4
weights 523 4
weights 527 4
weights 531 4
weights 535 4
weights 539 5
weights 544 5
weights 549 3
weights 552 3
weights 555 5
weights 560 4
weights 564 5
weights 569 4
weights 573 4
weights 577 4
weights 581 4
weights 585 4
weights 589 4
weights 593 3
weights 596 3
weights 599 3
weights 602 3
weights 605 2
weights 607 3
weights 610 2
weights 612 3
weights 615 3
weights 618 3
weights 621 3
weights 624 3
weights 627 3
weights 630 2
weights 632 2
weights 634 4
weights 638 4
weights 642 3
weights 645 3
weights 648 4
weights 652 4
weights 656 4
weights 660 4
weights 664 2
weights 666 2
weights 668 4
weights 672 4
weights 676 5
weights 681 2
weights 683 2
weights 685 2
weights 687 2
weights 689 2
weights 691 2
weights 693 1
weights 694 1
weights 695 2
weights 697 2
weights 699 2
weights 701 2
weights 703 2
weights 705 2
weights 707 2
weights 709 2
weights 711 2
weights 713 2
weights 715 2
weights 717 2
weights 719 2
weights 721 2
weights 723 2
weights 725 2
weights 727 2
weights 729 2
weights 731 2
weights 733 2
weights 735 2
weights 737 2
weights 739 2
weights 741 1
weights 742 1
weights 743 1
weights 744 1
weights 745 1
weights 746 1
weights 747 1
weights 748 1
weights 749 1
weights 750 1
weights 751 1
weights 752 1
weights 753 1
weights 754 2
weights 756 2
weights 758 2
weights 760 2
weights 762 2
weights 764 2
weights 766 2
weights 768 2
weights 770 2
weights 772 1
weights 773 1
weights 774 1
weights 775 2
weights 777 1
weights 778 1
weights 779 2
weights 781 2
weights 783 2
weights 785 2
weights 787 2
weights 789 2
weights 791 2
weights 793 2
weights 795 1
weights 796 2
weights 798 2
weights 800 1
weights 801 1
weights 802 2
weights 804 2
weights 806 3
weights 809 3
weights 812 3
weights 815 3
weights 818 2
weights 820 2
weights 822 2
weights 824 2
weights 826 2
weights 828 2
weights 830 2
weights 832 2
weights 834 2
weights 836 2
weights 838 3
weights 841 3
weights 844 3
weights 847 3
weights 850 3
weights 853 3
weights 856 3
weights 859 4
weights 863 4
weights 867 2
weights 869 2
weights 871 3
weights 874 4
weights 878 4
weights 882 4
weights 886 4
weights 890 4
weights 894 4
weights 898 4
weights 902 4
weights 906 4
weights 910 4
weights 914 2
weights 916 2
weights 918 2
weights 920 1
weights 921 1
weights 922 1
weights 923 1
weights 924 1
weights 925 2
weights 927 1
weights 928 1
weights 929 1
weights 930 1
weights 931 1
weights 932 1
weights 933 1
weights 934 3
weights 937 5
tags 0
weights 942
weight 9 1.0
weight 9 1.0
weight 9 1.0
weight 9 1.0
weight 9 1.0
weight 9 1.0
weight 9 1.0
weight 5 1.0
weight 5 1.0
weight 5 1.0
weight 5 1.0
weight 5 1.0
weight 5 1.0
weight 5 1.0
weight 5 1.0
weight 5 1.0
weight 5 1.0
weight 5 1.0
weight 5 1.0
weight 5 1.0
weight 5 1.0
weight 5 1.0
weight 5 1.0
weight 5 1.0
weight 5 1.0
weight 5 1.0
weight 5 1.0
weight 5 1.0
weight 5 1.0
weight 5 1.0
weight 5 1.0
weight 5 1.0
weight 5 1.0
weight 5 1.0
weight 5 1.0
weight 5 1.0
weight 5 1.0
weight 5 1.0
weight 5 1.0
weight 5 1.0
weight 5 1.0
weight 5 1.0
weight 5 1.0
weight 5 1.0
weight 5 1.0
weight 5 1.0
weight 5 1.0
weight 5 1.0
weight 5 1.0
weight 5 1.0
weight 5 1.0
weight 5 1.0
weight 5 1.0
weight 5 1.0
weight 5 1.0
weight 5 1.0
weight 5 1.0
weight 5 1.0
weight 5 1.0
weight 5 1.0
weight 5 1.0
weight 5 1.0
weight 5 1.0
weight 5 1.0
weight 5 1.0
weight 5 1.0
weight 5 1.0
weight 5 1.0
weight 5 1.0
weight 5 1.0
weight 5 1.0
weight 5 1.0
weight 5 1.0
weight 5 1.0
weight 5 1.0
weight 5 1.0
weight 5 1.0
weight 5 1.0
weight 5 1.0
weight 5 1.0
weight 5 1.0
weight 5 1.0
weight 19 0.006558449938893318
weight 18 0.8441175222396851
weight 17 0.14932401478290558
weight 15 0.0034675193019211292
weight 14 0.841400682926178
weight 13 0.15513178706169128
weight 17 0.2035885453224182
weight 18 0.7964114546775818
weight 13 0.2015724629163742
weight 14 0.7984275221824646
weight 17 0.4151563346385956
weight 18 0.584843635559082
weight 13 0.4153639078140259
weight 14 0.5846360921859741
weight 18 0.57218998670578
weight 17 0.42781001329421997
weight 14 0.5706799030303955
weight 13 0.4293200671672821
weight 18 0.7070810198783875
weight 17 0.29291898012161255
weight 14 0.7129026055335999
weight 13 0.28709736466407776
weight 19 0.08318756520748138
weight 18 0.7549702525138855
weight 17 0.1618421971797943
weight 15 0.08181028068065643
weight 14 0.7570660710334778
weight 13 0.1611236184835434
weight 19 0.06717584282159805
weight 18 0.7953418493270874
weight 17 0.13748231530189514
weight 15 0.06320422142744064
weight 14 0.8079787492752075
weight 13 0.12881705164909363
weight 17 0.20185665786266327
weight 18 0.6804971098899841
weight 19 0.1176462471485138
weight 13 0.19862785935401917
weight 14 0.6872612833976746
weight 15 0.11411085724830627
weight 2 0.0030732217710465193
weight 16 0.21809370815753937
weight 12 0.2175484001636505
weight 1 0.5612846612930298
weight 16 0.017227254807949066
weight 12 0.011418386362493038
weight 0 0.8970341086387634
weight 1 0.0743202492594719
weight 1 0.051339611411094666
weight 16 0.9449301958084106
weight 2 0.003730179974809289
weight 1 0.050912823528051376
weight 12 0.9454933404922485
weight 2 0.0035938287619501352
weight 2 0.008167770691215992
weight 16 0.8003185391426086
weight 1 0.19151367247104645
weight 2 0.008160743862390518
weight 12 0.8006300330162048
weight 1 0.19120919704437256
weight 0 0.03270917385816574
weight 16 0.9452211856842041
weight 1 0.02206961065530777
weight 0 0.05140222981572151
weight 12 0.9298391938209534
weight 1 0.018758561462163925
weight 12 0.0704769715666771
weight 2 0.0011546321911737323
weight 16 0.5251473784446716
weight 1 0.4032210111618042
weight 16 0.07082192599773407
weight 2 0.0011791200377047062
weight 12 0.5247657299041748
weight 1 0.40323320031166077
weight 1 0.14221639931201935
weight 16 0.21140126883983612
weight 0 0.6463823318481445
weight 1 0.13788706064224243
weight 12 0.17843234539031982
weight 0 0.6836805939674377
weight 12 0.0014605867909267545
weight 16 0.1906813532114029
weight 0 0.7392674088478088
weight 1 0.06859064847230911
weight 16 0.0015352258924394846
weight 12 0.17236828804016113
weight 0 0.7597131729125977
weight 1 0.06638330966234207
weight 1 0.07152769714593887
weight 16 0.5638709664344788
weight 0 0.3646013140678406
weight 12 0.41157442331314087
weight 1 0.052112165838479996
weight 0 0.5363134145736694
weight 1 0.06714354455471039
weight 16 0.9328564405441284
weight 12 0.9330475926399231
weight 1 0.06695239990949631
weight 16 1.0
weight 0 0.002371202688664198
weight 12 0.9976288080215454
weight 0 0.13799569010734558
weight 16 0.8213693499565125
weight 1 0.040634963661432266
weight 0 0.1812482327222824
weight 1 0.031905341893434525
weight 12 0.786846399307251
weight 1 0.2711138427257538
weight 16 0.5941948890686035
weight 12 0.1346912682056427
weight 12 0.5926519632339478
weight 1 0.27160486578941345
weight 16 0.1357431560754776
weight 12 0.025720804929733276
weight 0 0.16410163044929504
weight 16 0.69095379114151
weight 1 0.11922375112771988
weight 16 0.026933390647172928
weight 0 0.1783890575170517
weight 1 0.11837521940469742
weight 12 0.6763023138046265
weight 12 0.17822755873203278
weight 1 0.5793912410736084
weight 16 0.1811886578798294
weight 0 0.061192531138658524
weight 17 0.2601599097251892
weight 18 0.7398400902748108
weight 13 0.2592131495475769
weight 14 0.7407868504524231
weight 16 1.0
weight 12 1.0
weight 16 1.0
weight 12 1.0
weight 17 0.1322646141052246
weight 16 0.8677353858947754
weight 13 0.13253986835479736
weight 12 0.8674601316452026
weight 17 0.14808446168899536
weight 16 0.8519155383110046
weight 13 0.14865779876708984
weight 12 0.8513422012329102
weight 17 0.07926604896783829
weight 1 0.005450955592095852
weight 16 0.9152830243110657
weight 13 0.08007320016622543
weight 1 0.005608764477074146
weight 12 0.9143180251121521
weight 17 0.4849035143852234
weight 16 0.5150964856147766
weight 13 0.48516759276390076
weight 12 0.5148324370384216
weight 17 0.8457772135734558
weight 16 0.1542227864265442
weight 13 0.8452401757240295
weight 12 0.15475983917713165
weight 17 0.4284057319164276
weight 16 0.5715942978858948
weight 13 0.4281088411808014
weight 12 0.571891188621521
weight 17 0.7435911893844604
weight 16 0.25640878081321716
weight 13 0.7439830899238586
weight 12 0.25601691007614136
weight 17 0.24580039083957672
weight 16 0.7541996240615845
weight 13 0.24541603028774261
weight 12 0.7545839548110962
weight 16 0.08708518743515015
weight 17 0.9129148125648499
weight 12 0.08911781013011932
weight 13 0.9108821749687195
weight 17 0.8965902328491211
weight 16 0.1034097746014595
weight 12 0.10391959547996521
weight 13 0.8960804343223572
weight 18 0.01347339153289795
weight 16 0.05937713012099266
weight 17 0.9271494746208191
weight 14 0.013914678245782852
weight 13 0.9266355633735657
weight 12 0.05944973602890968
weight 17 1.0
weight 13 1.0
weight 17 0.9994288086891174
weight 18 0.0005711712292395532
weight 13 0.998772144317627
weight 14 0.0012278581270948052
weight 17 1.0
weight 13 1.0
weight 17 1.0
weight 13 1.0
weight 17 1.0
weight 13 1.0
weight 17 1.0
weight 13 1.0
weight 18 0.01176191121339798
weight 19 0.9882380962371826
weight 14 0.012060977518558502
weight 15 0.9879390001296997
weight 18 0.7172045707702637
weight 17 0.2823830544948578
weight 19 0.00041235063690692186
weight 14 0.7172176837921143
weight 13 0.2824857831001282
weight 15 0.0002965198364108801
weight 17 0.33269941806793213
weight 18 0.6673005819320679
weight 13 0.332791805267334
weight 14 0.667208194732666
weight 19 1.0
weight 15 1.0
weight 19 0.4678161144256592
weight 17 0.0037839487195014954
weight 18 0.5283999443054199
weight 15 0.4654333293437958
weight 13 0.003793298499658704
weight 14 0.530773401260376
weight 18 0.11498551070690155
weight 19 0.8850144743919373
weight 14 0.11427352577447891
weight 15 0.8857264518737793
weight 14 6.799762195441872e-05
weight 15 0.9999319911003113
weight 19 0.061489272862672806
weight 17 0.17375852167606354
weight 18 0.764752209186554
weight 15 0.06149445101618767
weight 13 0.17342588305473328
weight 14 0.76507967710495
weight 18 0.7936566472053528
weight 17 0.18921177089214325
weight 19 0.017131589353084564
weight 14 0.7944471836090088
weight 13 0.18904466927051544
weight 15 0.01650816574692726
weight 19 0.9999313354492188
weight 18 6.864768511150032e-05
weight 19 0.9246124625205994
weight 18 0.07538755238056183
weight 14 0.07658673077821732
weight 15 0.9234132766723633
weight 18 0.08798355609178543
weight 19 0.9120164513587952
weight 14 0.08967556804418564
weight 15 0.9103244543075562
weight 18 0.3432384431362152
weight 19 0.6567615270614624
weight 14 0.34300559759140015
weight 15 0.6569944024085999
weight 19 1.0
weight 15 1.0
weight 18 0.054158732295036316
weight 19 0.9458412528038025
weight 14 0.05303211510181427
weight 15 0.9469678997993469
weight 19 1.0
weight 15 1.0
weight 18 0.6335327625274658
weight 17 0.3470505475997925
weight 19 0.019416702911257744
weight 14 0.6353252530097961
weight 13 0.34489694237709045
weight 15 0.019777774810791016
weight 18 0.8328304886817932
weight 17 0.08379995822906494
weight 19 0.08336953818798065
weight 14 0.832706093788147
weight 13 0.08449125289916992
weight 15 0.08280263096094131
weight 18 0.624568521976471
weight 17 0.37543147802352905
weight 14 0.6241812109947205
weight 13 0.37581875920295715
weight 19 0.00034581334330141544
weight 17 0.21010132133960724
weight 18 0.7895528674125671
weight 15 0.00019394495757296681
weight 13 0.2100418657064438
weight 14 0.7897641658782959
weight 1 0.6144106984138489
weight 2 0.02794218435883522
weight 16 0.1759524792432785
weight 0 0.1816946417093277
weight 1 0.6137138605117798
weight 2 0.02796265296638012
weight 12 0.1688895970582962
weight 0 0.18943387269973755
weight 12 0.022945916280150414
weight 16 0.16722753643989563
weight 2 0.10336566716432571
weight 1 0.7064608931541443
weight 16 0.023126190528273582
weight 12 0.1673075258731842
weight 2 0.10344064235687256
weight 1 0.7061256170272827
weight 12 0.07118425518274307
weight 16 0.07121949642896652
weight 2 0.1213628500699997
weight 1 0.7362334132194519
weight 1 0.33164820075035095
weight 2 0.0650063157081604
weight 16 0.56556236743927
weight 0 0.03778309002518654
weight 1 0.330183207988739
weight 2 0.0648864209651947
weight 12 0.561918318271637
weight 0 0.04301207885146141
weight 16 0.41903409361839294
weight 2 0.14363783597946167
weight 1 0.437328040599823
weight 12 0.41928884387016296
weight 2 0.1437721699476242
weight 1 0.43693897128105164
weight 16 0.31938454508781433
weight 2 0.105057492852211
weight 1 0.5755579471588135
weight 12 0.319735050201416
weight 2 0.10519824922084808
weight 1 0.5750666856765747
weight 11 0.1984976828098297
weight 10 0.8015023469924927
weight 8 0.07086605578660965
weight 7 0.929133951663971
weight 11 0.6278970241546631
weight 10 0.3721030056476593
weight 8 0.13425037264823914
weight 7 0.8657495975494385
weight 11 0.4448072016239166
weight 10 0.555192768573761
weight 8 0.16497571766376495
weight 7 0.8350242972373962
weight 11 0.17651401460170746
weight 10 0.8234859704971313
weight 7 0.7765687704086304
weight 8 0.22343125939369202
weight 11 0.3205779790878296
weight 10 0.6794220209121704
weight 8 0.1690029501914978
weight 7 0.8309970498085022
weight 11 0.16203616559505463
weight 10 0.8379638195037842
weight 8 0.1455734819173813
weight 7 0.8544265031814575
weight 11 0.2275201380252838
weight 10 0.7724798321723938
weight 8 0.23435841500759125
weight 7 0.7656415700912476
weight 3 0.6132212281227112
weight 2 0.25345441699028015
weight 9 0.13332432508468628
weight 3 0.6128408908843994
weight 2 0.2536557912826538
weight 6 0.13350331783294678
weight 3 0.2453029602766037
weight 2 0.1061093807220459
weight 9 0.6485876441001892
weight 3 0.2456364929676056
weight 2 0.10656940937042236
weight 6 0.6477940678596497
weight 3 0.1553727239370346
weight 2 0.0016585452249273658
weight 9 0.8429687023162842
weight 3 0.15554723143577576
weight 6 0.8422711491584778
weight 2 0.0021816391963511705
weight 9 0.014492918737232685
weight 6 0.014937168918550014
weight 2 0.1953141838312149
weight 3 0.7752557396888733
weight 9 0.33704453706741333
weight 10 0.6629554629325867
weight 6 0.3155154585838318
weight 7 0.6844845414161682
weight 9 0.8422375321388245
weight 10 0.15776246786117554
weight 7 0.09173953533172607
weight 6 0.9082604646682739
weight 10 0.9198768734931946
weight 9 0.08012312650680542
weight 7 0.9239174127578735
weight 6 0.07608258724212646
weight 10 0.05441141873598099
weight 9 0.9455885887145996
weight 6 0.4171063303947449
weight 7 0.5828936696052551
weight 9 0.7341398000717163
weight 10 0.2658602297306061
weight 6 0.644969642162323
weight 7 0.3550303280353546
weight 10 0.09467999637126923
weight 9 0.9053199887275696
weight 7 0.0895877331495285
weight 6 0.9104122519493103
weight 9 0.6526480317115784
weight 10 0.34735193848609924
weight 7 0.046413324773311615
weight 6 0.9535866975784302
weight 9 0.9505760669708252
weight 10 0.04942391812801361
weight 7 0.04925503954291344
weight 6 0.9507449865341187
weight 9 1.0
weight 6 1.0
weight 9 1.0
weight 6 1.0
weight 9 1.0
weight 6 1.0
weight 9 1.0
weight 9 1.0
weight 6 1.0
weight 4 0.0018554977141320705
weight 3 0.004292754922062159
weight 9 0.9938517212867737
weight 4 0.001693307189270854
weight 3 0.003832682967185974
weight 6 0.9944739937782288
weight 9 1.0
weight 6 1.0
weight 9 0.9793006181716919
weight 2 0.006141809746623039
weight 3 0.01455758884549141
weight 3 0.0589556060731411
weight 2 0.0016001982148736715
weight 6 0.9394441843032837
weight 16 0.050108399242162704
weight 0 0.0009217342012561858
weight 9 0.0032021747902035713
weight 2 0.26121747493743896
weight 1 0.6845502257347107
weight 3 0.043510016053915024
weight 6 0.1438971608877182
weight 2 0.7040444016456604
weight 1 0.10854841768741608
weight 9 0.01935945264995098
weight 1 0.08103575557470322
weight 2 0.8231972455978394
weight 3 0.07640755921602249
weight 6 0.01956818625330925
weight 1 0.08117340505123138
weight 2 0.8226686716079712
weight 3 0.07658971846103668
weight 3 0.0340907946228981
weight 2 0.6364532709121704
weight 1 0.07753896713256836
weight 9 0.2519169747829437
weight 3 0.03431062027812004
weight 2 0.6360204219818115
weight 6 0.2520466148853302
weight 1 0.07762236893177032
weight 9 0.2779916822910309
weight 1 0.041993364691734314
weight 2 0.6060565710067749
weight 3 0.0739583671092987
weight 6 0.27810361981391907
weight 1 0.042188435792922974
weight 2 0.6056399345397949
weight 3 0.07406802475452423
weight 16 0.03198414668440819
weight 9 0.03481943532824516
weight 1 0.28523823618888855
weight 2 0.6258717775344849
weight 3 0.02208637446165085
weight 12 0.03204828500747681
weight 6 0.03492400795221329
weight 1 0.2851559519767761
weight 2 0.6256571412086487
weight 3 0.02221463993191719
weight 1 0.06468499451875687
weight 2 0.8931047916412354
weight 3 0.04221019148826599
weight 0 0.009140017442405224
weight 2 0.3012966811656952
weight 1 0.6895632743835449
weight 12 0.002814654028043151
weight 16 0.1105804517865181
weight 0 0.11822185665369034
weight 1 0.7035380601882935
weight 2 0.0648449957370758
weight 2 0.06496702879667282
weight 1 0.7013161182403564
weight 0 0.12127498537302017
weight 12 0.11244185268878937
weight 6 0.005991031881421804
weight 9 0.1436421126127243
weight 1 0.09371202439069748
weight 2 0.7064788341522217
weight 3 0.050176020711660385
weight 2 0.22938890755176544
weight 1 0.7150578498840332
weight 0 0.0022559016942977905
weight 12 0.053297363221645355
weight 3 0.1335410624742508
weight 9 0.718812108039856
weight 2 0.10869565606117249
weight 6 0.038951192051172256
weight 9 0.047680336982011795
weight 6 0.6836182475090027
weight 2 0.11220486462116241
weight 3 0.1564965397119522
weight 9 0.10391256213188171
weight 5 0.004876048304140568
weight 4 0.4510461986064911
weight 3 0.4401651918888092
weight 4 0.001492608804255724
weight 3 0.7898494005203247
weight 2 0.0032492296304553747
weight 9 0.20540876686573029
weight 4 0.006593132857233286
weight 3 0.783410906791687
weight 2 0.0036048609763383865
weight 6 0.2063911110162735
weight 2 0.47084471583366394
weight 1 0.5095935463905334
weight 16 0.01956174336373806
weight 2 0.4707935154438019
weight 1 0.5094399452209473
weight 12 0.019766556099057198
weight 3 0.6471416354179382
weight 4 0.15326492488384247
weight 9 0.1995934545993805
weight 3 0.6219204068183899
weight 4 0.16673313081264496
weight 6 0.21134646236896515
weight 3 0.045353543013334274
weight 9 0.9546464681625366
weight 4 0.0014881998067721725
weight 6 0.9605860710144043
weight 3 0.037925753742456436
weight 3 0.07464815676212311
weight 9 0.9253518581390381
weight 4 0.0026087104342877865
weight 3 0.027758635580539703
weight 9 0.969632625579834
weight 4 3.1747393222758546e-05
weight 3 0.01827576942741871
weight 6 0.9816924929618835
weight 9 0.7081639170646667
weight 3 0.26642170548439026
weight 4 0.02541436068713665
weight 6 0.7130978107452393
weight 3 0.2525816857814789
weight 4 0.034320514649152756
weight 3 0.07203329354524612
weight 9 0.8337439894676208
weight 2 0.09422272443771362
weight 3 0.07231441140174866
weight 6 0.8330338001251221
weight 2 0.09465179592370987
weight 2 0.05212495103478432
weight 9 0.9478750228881836
weight 2 0.05251637473702431
weight 6 0.9474835991859436
weight 2 0.30441513657569885
weight 1 0.5854802131652832
weight 9 0.0012906347401440144
weight 16 0.10881401598453522
weight 2 0.30468592047691345
weight 1 0.5852512121200562
weight 6 0.001466272515244782
weight 12 0.10859661549329758
weight 3 0.022775279358029366
weight 9 0.8588166236877441
weight 2 0.11840812116861343
weight 3 0.023198740556836128
weight 6 0.8580089807510376
weight 2 0.11879227310419083
weight 1 0.3358722925186157
weight 2 0.5634909272193909
weight 9 0.005623171105980873
weight 16 0.09501361101865768
weight 1 0.3359227180480957
weight 2 0.5631580352783203
weight 6 0.005823235027492046
weight 12 0.09509599208831787
weight 2 0.10856816172599792
weight 1 0.4976605176925659
weight 0 0.018754277378320694
weight 16 0.37501704692840576
weight 2 0.10847582668066025
weight 1 0.49611666798591614
weight 0 0.022422965615987778
weight 12 0.37298452854156494
weight 2 0.48871511220932007
weight 1 0.5112848877906799
weight 4 0.10721751302480698
weight 3 0.8927825093269348
weight 9 0.243814617395401
weight 5 0.015159398317337036
weight 4 0.2127770632505417
weight 3 0.5282489061355591
weight 6 0.25205180048942566
weight 5 0.017102597281336784
weight 4 0.2505110204219818
weight 3 0.4803345799446106
weight 3 0.5820205211639404
weight 2 0.019528768956661224
weight 4 0.1106138825416565
weight 6 0.1481911838054657
weight 9 0.13964565098285675
weight 7 0.763630747795105
weight 8 0.2363692671060562
weight 11 0.4407652020454407
weight 10 0.5592347979545593
weight 7 0.19567172229290009
weight 8 0.8043282628059387
weight 10 0.1525130271911621
weight 11 0.8474869728088379
weight 8 0.8911930322647095
weight 7 0.10880694538354874
weight 11 0.9191728830337524
weight 10 0.08082714676856995
weight 8 1.0
weight 11 1.0
weight 8 0.998204231262207
weight 7 0.0017957726959139109
weight 10 0.00038125450373627245
weight 11 0.9996187686920166
weight 11 0.6733282208442688
weight 10 0.3266717791557312
weight 8 0.2158828228712082
weight 7 0.7841171622276306
weight 10 0.6164738535881042
weight 11 0.38352614641189575
weight 7 0.14786691963672638
weight 8 0.8521330952644348
weight 10 0.12578098475933075
weight 11 0.8742190003395081
weight 7 0.578824520111084
weight 8 0.4211755096912384
weight 8 0.9913637042045593
weight 7 0.008636309765279293
weight 11 0.9962540864944458
weight 10 0.0037459377199411392
weight 7 0.052674002945423126
weight 8 0.9473260045051575
weight 10 0.04490547254681587
weight 11 0.9550945162773132
weight 7 0.2793411910533905
weight 8 0.7206588387489319
weight 11 0.8370262384414673
weight 10 0.16297374665737152
weight 7 0.7139744162559509
weight 8 0.28602561354637146
weight 10 0.6159829497337341
weight 11 0.38401705026626587
weight 7 0.09246036410331726
weight 8 0.9075396656990051
weight 10 0.0753764659166336
weight 11 0.9246235489845276
weight 10 0.18759962916374207
weight 11 0.8124003410339355
weight 8 0.5968509316444397
weight 7 0.4031490981578827
weight 7 0.1991485357284546
weight 8 0.8008514642715454
weight 10 0.17111949622631073
weight 11 0.8288804888725281
weight 11 0.456667959690094
weight 10 0.543332040309906
weight 8 1.0
weight 11 1.0
weight 8 1.0
weight 11 1.0
weight 8 1.0
weight 11 1.0
weight 11 1.0
weight 8 1.0
weight 11 1.0
weight 8 1.0
weight 11 1.0
weight 8 1.0
weight 11 1.0
weight 8 0.8241891264915466
weight 7 0.17581088840961456
weight 8 0.8625631928443909
weight 7 0.13743679225444794
weight 11 0.8864389061927795
weight 10 0.11356107890605927
weight 7 0.14911341667175293
weight 8 0.8508865833282471
weight 10 0.12483736872673035
weight 11 0.8751626014709473
weight 10 0.12485229969024658
weight 11 0.8751477003097534
weight 8 0.8517057299613953
weight 7 0.14829427003860474
weight 11 0.8758374452590942
weight 10 0.12416253238916397
weight 8 0.8509293794631958
weight 7 0.1490706354379654
weight 8 1.0
weight 8 1.0
weight 11 1.0
weight 4 0.006801300216466188
weight 5 0.9931986927986145
weight 5 1.0
weight 5 1.0
weight 4 0.05127020925283432
weight 5 0.9487298130989075
weight 4 0.05118945613503456
weight 5 0.9488105177879333
weight 5 0.9576094746589661
weight 4 0.04239051416516304
weight 5 0.8885527849197388
weight 4 0.11144724488258362
weight 5 0.9535554051399231
weight 4 0.0464446060359478
weight 5 0.9538756608963013
weight 4 0.046124350279569626
weight 4 0.002300000051036477
weight 5 0.9976999759674072
weight 4 0.0021053252276033163
weight 5 0.9978947043418884
weight 5 1.0
weight 4 0.07810375094413757
weight 5 0.92189621925354
weight 4 0.07785356044769287
weight 5 0.9221464395523071
weight 5 1.0
weight 5 1.0
weight 4 0.13786251842975616
weight 5 0.862137496471405
weight 4 0.12623752653598785
weight 5 0.8737624883651733
weight 3 0.006033392623066902
weight 4 0.3685736060142517
weight 5 0.6253930330276489
weight 4 0.37480974197387695
weight 3 0.010940813459455967
weight 5 0.6142494678497314
weight 3 0.0023248225916177034
weight 4 0.25361543893814087
weight 5 0.7440597414970398
weight 3 0.00407100236043334
weight 4 0.25577211380004883
weight 5 0.740156888961792
weight 4 0.010765859857201576
weight 5 0.9892341494560242
weight 4 0.008958262391388416
weight 5 0.9910417199134827
weight 5 0.7701290845870972
weight 4 0.22987090051174164
weight 5 0.7541548013687134
weight 4 0.24584516882896423
weight 5 0.8901962041854858
weight 4 0.10980380326509476
weight 5 0.8916006684303284
weight 4 0.10839935392141342
weight 4 0.010128802619874477
weight 5 0.9898712038993835
weight 4 0.008155081421136856
weight 5 0.991844892501831
weight 4 0.09748008102178574
weight 5 0.902519941329956
weight 4 0.09350178390741348
weight 5 0.9064981937408447
weight 3 0.04982083663344383
weight 4 0.5531756281852722
weight 5 0.39700353145599365
weight 3 0.05606262758374214
weight 4 0.5568718314170837
weight 5 0.3870655298233032
weight 5 0.6191366910934448
weight 3 0.007500812876969576
weight 4 0.3733624815940857
weight 3 0.0765131488442421
weight 4 0.6523847579956055
weight 5 0.27110207080841064
weight 3 0.0019116363255307078
weight 4 0.22141705453395844
weight 5 0.776671290397644
weight 3 0.01052283775061369
weight 4 0.21169453859329224
weight 5 0.7777826189994812
weight 3 0.05968164652585983
weight 4 0.48232126235961914
weight 5 0.45799708366394043
weight 6 0.22470533847808838
weight 5 0.029008518904447556
weight 4 0.36319491267204285
weight 3 0.3830912411212921
weight 9 0.20576202869415283
weight 5 0.024079568684101105
weight 4 0.29056426882743835
weight 3 0.4795941114425659
weight 4 0.07536602020263672
weight 5 0.9246339797973633
weight 4 0.07301489263772964
weight 5 0.9269850850105286
weight 3 0.08972245454788208
weight 4 0.6522268056869507
weight 5 0.25805073976516724
weight 9 0.03281377628445625
weight 5 0.001391410594806075
weight 3 0.7627201080322266
weight 4 0.20307469367980957
weight 6 0.0653032511472702
weight 5 0.13477277755737305
weight 3 0.18361003696918488
weight 4 0.6163139343261719
weight 9 0.058221351355314255
weight 5 0.1297651082277298
weight 3 0.3136952221393585
weight 4 0.49831831455230713
weight 6 0.10061318427324295
weight 5 0.03472273424267769
weight 3 0.5264774560928345
weight 4 0.3381866216659546
weight 9 0.0964243933558464
weight 5 0.038525186479091644
weight 3 0.5358618497848511
weight 4 0.32918858528137207
weight 6 0.11188967525959015
weight 5 0.06441715359687805
weight 3 0.424103319644928
weight 4 0.3995898365974426
weight 9 0.10699456930160522
weight 5 0.06596299260854721
weight 3 0.4699798822402954
weight 4 0.35706254839897156
weight 5 0.012759068980813026
weight 6 0.050247758626937866
weight 3 0.6291503310203552
weight 4 0.30784285068511963
weight 6 0.011968398466706276
weight 5 0.22114217281341553
weight 3 0.10696685314178467
weight 4 0.6599225997924805
weight 9 0.009706582874059677
weight 5 0.21749666333198547
weight 3 0.13270220160484314
weight 4 0.6400945782661438
weight 4 0.039590753614902496
weight 5 0.9604092240333557
weight 4 0.03769702836871147
weight 5 0.9623029828071594
weight 5 0.9946628212928772
weight 4 0.005337188486009836
weight 5 1.0
weight 5 1.0
weight 5 1.0
weight 5 1.0
weight 5 1.0
weight 5 0.9166638851165771
weight 4 0.08333610743284225
weight 5 1.0
weight 5 1.0
weight 5 1.0
weight 5 1.0
weight 5 1.0
weight 5 1.0
weight 5 1.0
weight 4 0.6819753050804138
weight 5 0.07594726234674454
weight 3 0.24207741022109985
weight 9 0.0026647441554814577
weight 4 0.490457147359848
weight 3 0.39862915873527527
weight 6 0.09487832337617874
weight 5 0.013370628468692303
frames 25
matrix 1.0 -2.3183035538883656e-15 -1.3479796473529468e-17 0.0 -1.0519205610195169e-14 1.0 -5.951991344232965e-09 0.0 -3.2866354308377444e-15 5.952015325050297e-09 1.0 0.0 2.2028275037389022e-10 0.06324633955955505 4.252965766227135e-07 1.0
matrix 1.0 -1.4050079603241902e-15 8.74655623400505e-15 0.0 -2.37452070708116e-15 1.0 -1.1957431489406645e-08 0.0 -3.7327958480020806e-16 1.1957422607622448e-08 1.0 0.0 -5.129077024212947e-11 0.06324649602174759 -1.6546938041983594e-08 1.0
matrix 1.0 -3.4054009379271444e-16 3.781705647958912e-16 0.0 7.5714607558947e-16 1.0 1.5729087476934467e-10 0.0 -8.360132603687587e-16 -1.5728859881214419e-10 1.0 0.0 1.2783717140418815e-10 0.06324651092290878 -1.0763617552811411e-08 1.0
matrix 0.9968569278717041 2.1371052127960866e-07 -0.07922262698411942 0.0 -2.2150646827867604e-07 1.0 2.0199280470478698e-08 0.0 0.07922264188528061 -1.860151499499807e-08 0.9968569278717041 0.0 -0.03233139216899872 0.06324616074562073 0.0014475045027211308 1.0
matrix 0.9968569278717041 2.1371050706875394e-07 -0.07922262698411942 0.0 -2.2095916563102946e-07 0.9999999403953552 2.7643233480034723e-08 0.0 0.07922264188528061 -4.432751410377023e-08 0.9968569278717041 0.0 -0.03233136981725693 0.06324795633554459 0.0014477405929937959 1.0
matrix 0.9992275834083557 5.8777676059662554e-08 -0.03929562121629715 0.0 -6.313383238421011e-08 0.9999999403953552 3.19204289667141e-08 0.0 0.03929562121629715 -6.806357077948633e-08 0.9992275238037109 0.0 -0.04742826893925667 0.06324661523103714 0.002260438399389386 1.0
matrix 0.9941670894622803 0.08302388340234756 -0.06883867084980011 0.0 -0.09461203962564468 0.9777674078941345 -0.1871347576379776 0.0 0.05177157744765282 0.19255617260932922 0.9799192547798157 0.0 0.712849497795105 0.7062658071517944 1.563194990158081 0.9999999403953552
matrix 0.9938814043998718 0.0693841353058815 -0.08593890815973282 0.0 -0.10285826027393341 0.8649318218231201 -0.4912363290786743 0.0 0.040247298777103424 0.49707022309303284 0.8667764663696289 0.0 0.727719247341156 1.3187564611434937 2.387521982192993 1.0
matrix 0.993881344795227 0.0693841353058815 -0.08593890815973282 0.0 -0.10285826027393341 0.8649317622184753 -0.49123623967170715 0.0 0.040247298777103424 0.49707022309303284 0.8667765259742737 0.0 0.7277190685272217 1.3187564611434937 2.3875222206115723 1.0
matrix 0.9981359839439392 0.008112932555377483 -0.06048591807484627 0.0 0.01815941371023655 0.906745433807373 0.4212872385978699 0.0 0.05826320871710777 -0.421600341796875 0.9049078822135925 0.0 -0.21073727309703827 0.3267604410648346 -3.6511735916137695 0.9999999403953552
matrix 0.9975075721740723 0.013263069093227386 -0.06930185109376907 0.0 0.015749910846352577 0.915540874004364 0.40191635489463806 0.0 0.06877931952476501 -0.4020060896873474 0.91305011510849 0.0 -0.19050104916095734 0.2983527183532715 -3.5483901500701904 0.9999999403953552
matrix 0.9975075721740723 0.01326307188719511 -0.06930185109376907 0.0 0.01574990525841713 0.915540874004364 0.40191635489463806 0.0 0.06877932697534561 -0.4020060896873474 0.9130500555038452 0.0 -0.1905008852481842 0.29835283756256104 -3.5483903884887695 1.0
matrix 0.9968866109848022 0.06749247759580612 0.04076571762561798 0.0 -0.07713159173727036 0.9420344233512878 0.32653021812438965 0.0 -0.01636437140405178 -0.32865801453590393 0.9443072080612183 0.0 -0.03839438408613205 -0.1391426920890808 0.0939888134598732 1.0
matrix 0.996886670589447 0.06749247759580612 0.04076571762561798 0.0 -0.07713159173727036 0.9420344233512878 0.32653021812438965 0.0 -0.01636437140405178 -0.3286580443382263 0.944307267665863 0.0 -0.03839442506432533 -0.13914334774017334 0.0939885601401329 1.0000001192092896
matrix 0.9987295866012573 -0.029622992500662804 0.04076537862420082 0.0 0.014703407883644104 0.9450724720954895 0.3265301287174225 0.0 -0.04819904640316963 -0.3255160450935364 0.9443073272705078 0.0 1.3225491046905518 -0.26058441400527954 0.0939871221780777 1.0
matrix 0.9987296462059021 -0.029622619971632957 0.04076428711414337 0.0 0.030107984319329262 0.9994824528694153 -0.011345135048031807 0.0 -0.04040713608264923 0.01255800575017929 0.9991045594215393 0.0 1.5737507343292236 0.49707457423210144 -5.509923458099365 1.0000001192092896
matrix 0.9963904023170471 -0.07935570180416107 -0.030147001147270203 0.0 0.06347759813070297 0.9322978854179382 -0.3560777008533478 0.0 0.056362785398960114 0.3528788089752197 0.9339699149131775 0.0 0.07393060624599457 0.5224179029464722 -0.08885037899017334 0.9999998807907104
matrix 0.9963905215263367 -0.07935570925474167 -0.0301470048725605 0.0 0.06347760558128357 0.932297945022583 -0.35607776045799255 0.0 0.05636278912425041 0.3528788387775421 0.933970034122467 0.0 0.07393062114715576 0.522418200969696 -0.08885051310062408 1.0
matrix 0.9963904023170471 -0.07935569435358047 -0.030146978795528412 0.0 0.0685543641448021 0.9616540670394897 -0.26555946469306946 0.0 0.05006461963057518 0.2625342309474945 0.9636229872703552 0.0 0.14250071346759796 0.8418834805488586 1.3365429639816284 0.9999998807907104
matrix 0.9963904619216919 -0.07935570180416107 -0.030146989971399307 0.0 0.0685543641448021 0.9616541266441345 -0.26555949449539185 0.0 0.05006461590528488 0.2625342309474945 0.963623046875 0.0 0.14250080287456512 0.8418824076652527 1.3365429639816284 1.0
matrix 1.0 0.0 0.0 0.0 0.0 1.0 0.0 0.0 0.0 0.0 1.0 0.0 0.0 0.0 0.0 1.0
time 0.041667
matrix 1.0 -2.3183035538883656e-15 -1.3479796473529468e-17 0.0 -1.0519205610195169e-14 1.0 -5.951991344232965e-09 0.0 -3.2866354308377444e-15 5.952015325050297e-09 1.0 0.0 2.2028275037389022e-10 0.07387480139732361 4.252965766227135e-07 1.0
matrix 0.9999892115592957 0.004638750571757555 3.08571870277774e-08 0.0 -0.004638750571757555 0.9999892711639404 -1.1957429713049805e-08 0.0 -3.0747614232495835e-08 1.964908413754074e-08 1.0 0.0 -0.0003444143512751907 0.07386452704668045 -1.6611052089388068e-08 1.0
matrix 0.9999996423721313 0.0008243648917414248 1.755817891080369e-08 0.0 -0.0008243651827797294 0.9999997019767761 1.572911106917374e-10 0.0 -1.7622591386157183e-08 6.717524314581169e-09 1.0 0.0 -0.010740145109593868 0.07384403795003891 -1.0800097705043754e-08 1.0
matrix 0.99709552526474 -0.0049674855545163155 -0.0759984701871872 0.0 0.0049650948494672775 0.9999876618385315 -0.00022030370018910617 0.0 0.07599863409996033 -0.00015766934666316956 0.9971078634262085 0.0 -0.0770246610045433 0.07399358600378036 0.0026805021334439516 1.0
matrix 0.9971058964729309 -0.001991313649341464 -0.07599877566099167 0.0 0.0019975316245108843 0.9999980926513672 5.900269570702221e-06 0.0 0.07599861919879913 -0.00015766832802910358 0.9971078634262085 0.0 -0.04804088547825813 0.07388690114021301 0.0004714936367236078 1.0
