type model
name Simple Man 
version 
author TiZeta
date February 6, 2013
copyright TiZeta
license Creative Commons Attribution 3.0
url http://www.blendswap.com/blends/view/66412
email 
tool blender - a 3D modelling and rendering package
comment Downloaded from http://www.blendswap.com
xl 0.0.136
object SimpleMan.xlc
bones 20
name root
parents 0 0
name bacino
parents 0 1
name addome
parents 1 2
name schiena
parents 3 3
name collo
parents 6 4
name testa
parents 10 5
name bicipite_L
parents 15 4
name avambraccio_L
parents 19 5
name mano_L
parents 24 6
name bicipite_R
parents 30 4
name avambraccio_R
parents 34 5
name mano_R
parents 39 6
name gamba_L
parents 45 1
name polpaccio_L
parents 46 2
name piede_L
parents 48 3
name avampiede_L
parents 51 4
name gamba_R
parents 55 1
name polpaccio_R
parents 56 2
name piede_R
parents 58 3
name avampiede_R
parents 61 4
parents 65
bone 0
bone 1
bone 0
bone 2
bone 1
bone 0
bone 3
bone 2
bone 1
bone 0
bone 4
bone 3
bone 2
bone 1
bone 0
bone 3
bone 2
bone 1
bone 0
bone 6
bone 3
bone 2
bone 1
bone 0
bone 7
bone 6
bone 3
bone 2
bone 1
bone 0
bone 3
bone 2
bone 1
bone 0
bone 9
bone 3
bone 2
bone 1
bone 0
bone 10
bone 9
bone 3
bone 2
bone 1
bone 0
bone 0
bone 12
bone 0
bone 13
bone 12
bone 0
bone 14
bone 13
bone 12
bone 0
bone 0
bone 16
bone 0
bone 17
bone 16
bone 0
bone 18
bone 17
bone 16
bone 0
vertices 454
weights 0 1
weights 1 1
weights 2 1
weights 3 1
weights 4 1
weights 5 1
weights 6 1
weights 7 1
weights 8 1
weights 9 1
weights 10 1
weights 11 1
weights 12 1
weights 13 1
weights 14 1
weights 15 1
weights 16 1
weights 17 1
weights 18 1
weights 19 1
weights 20 1
weights 21 1
weights 22 1
weights 23 1
weights 24 1
weights 25 1
weights 26 1
weights 27 1
weights 28 1
weights 29 1
weights 30 1
weights 31 1
weights 32 1
weights 33 1
weights 34 1
weights 35 1
weights 36 1
weights 37 1
weights 38 1
weights 39 1
weights 40 1
weights 41 1
weights 42 1
weights 43 1
weights 44 1
weights 45 1
weights 46 1
weights 47 1
weights 48 1
weights 49 1
weights 50 1
weights 51 1
weights 52 1
weights 53 1
weights 54 1
weights 55 1
weights 56 1
weights 57 1
weights 58 1
weights 59 1
weights 60 1
weights 61 1
weights 62 1
weights 63 1
weights 64 1
weights 65 1
weights 66 1
weights 67 1
weights 68 1
weights 69 1
weights 70 1
weights 71 1
weights 72 1
weights 73 2
weights 75 2
weights 77 2
weights 79 2
weights 81 2
weights 83 2
weights 85 2
weights 87 2
weights 89 2
weights 91 2
weights 93 2
weights 95 2
weights 97 2
weights 99 2
weights 101 3
weights 104 3
weights 107 3
weights 110 3
weights 113 4
weights 117 4
weights 121 4
weights 125 4
weights 129 4
weights 133 4
weights 137 4
weights 141 4
weights 145 3
weights 148 3
weights 151 2
weights 153 2
weights 155 2
weights 157 2
weights 159 2
weights 161 2
weights 163 2
weights 165 2
weights 167 2
weights 169 2
weights 171 2
weights 173 2
weights 175 2
weights 177 2
weights 179 2
weights 181 2
weights 183 2
weights 185 2
weights 187 2
weights 189 2
weights 191 1
weights 192 1
weights 193 2
weights 195 2
weights 197 2
weights 199 1
weights 200 1
weights 201 1
weights 202 2
weights 204 2
weights 206 1
weights 207 1
weights 208 2
weights 210 2
weights 212 5
weights 217 5
weights 222 4
weights 226 4
weights 230 5
weights 235 4
weights 239 4
weights 243 5
weights 248 3
weights 251 3
weights 254 3
weights 257 3
weights 260 5
weights 265 4
weights 269 5
weights 274 5
weights 279 5
weights 284 5
weights 289 2
weights 291 2
weights 293 4
weights 297 4
weights 301 4
weights 305 4
weights 309 3
weights 312 3
weights 315 2
weights 317 2
weights 319 2
weights 321 2
weights 323 3
weights 326 3
weights 329 4
weights 333 4
weights 337 3
weights 340 3
weights 343 3
weights 346 2
weights 348 5
weights 353 5
weights 358 2
weights 360 2
weights 362 4
weights 366 4
weights 370 5
weights 375 5
weights 380 4
weights 384 5
weights 389 5
weights 394 2
weights 396 4
weights 400 4
weights 404 5
weights 409 2
weights 411 3
weights 414 2
weights 416 2
weights 418 2
weights 420 2
weights 422 2
weights 424 2
weights 426 2
weights 428 2
weights 430 3
weights 433 3
weights 436 2
weights 438 3
weights 441 3
weights 444 3
weights 447 3
weights 450 1
weights 451 2
weights 453 3
weights 456 5
weights 461 5
weights 466 3
weights 469 3
weights 472 3
weights 475 3
weights 478 3
weights 481 3
weights 484 3
weights 487 3
weights 490 3
weights 493 3
weights 496 2
weights 498 2
weights 500 3
weights 503 3
weights 506 3
weights 509 3
weights 512 4
weights 516 2
weights 518 2
weights 520 2
weights 522 3
weights 525 3
weights 528 1
weights 529 1
weights 530 1
weights 531 1
weights 532 2
weights 534 1
weights 535 3
weights 538 3
weights 541 3
weights 544 3
weights 547 2
weights 549 2
weights 551 2
weights 553 2
weights 555 2
weights 557 2
weights 559 2
weights 561 2
weights 563 2
weights 565 2
weights 567 2
weights 569 2
weights 571 2
weights 573 2
weights 575 2
weights 577 2
weights 579 2
weights 581 2
weights 583 2
weights 585 2
weights 587 2
weights 589 2
weights 591 1
weights 592 1
weights 593 1
weights 594 1
weights 595 1
weights 596 1
weights 597 1
weights 598 1
weights 599 1
weights 600 1
weights 601 2
weights 603 2
weights 605 2
weights 607 1
weights 608 1
weights 609 2
weights 611 3
weights 614 2
weights 616 2
weights 618 2
weights 620 2
weights 622 2
weights 624 3
weights 627 2
weights 629 2
weights 631 2
weights 633 3
weights 636 3
weights 639 2
weights 641 3
weights 644 2
weights 646 3
weights 649 2
weights 651 2
weights 653 2
weights 655 2
weights 657 2
weights 659 3
weights 662 3
weights 665 3
weights 668 2
weights 670 2
weights 672 2
weights 674 2
weights 676 3
weights 679 3
weights 682 2
weights 684 2
weights 686 2
weights 688 2
weights 690 2
weights 692 2
weights 694 2
weights 696 2
weights 698 2
weights 700 2
weights 702 2
weights 704 2
weights 706 2
weights 708 2
weights 710 2
weights 712 2
weights 714 2
weights 716 2
weights 718 2
weights 720 2
weights 722 2
weights 724 2
weights 726 2
weights 728 2
weights 730 2
weights 732 2
weights 734 2
weights 736 2
weights 738 2
weights 740 2
weights 742 2
weights 744 2
weights 746 2
weights 748 2
weights 750 2
weights 752 2
weights 754 2
weights 756 1
weights 757 1
weights 758 1
weights 759 1
weights 760 1
weights 761 2
weights 763 2
weights 765 1
weights 766 2
weights 768 2
weights 770 2
weights 772 2
weights 774 2
weights 776 2
weights 778 2
weights 780 1
weights 781 2
weights 783 2
weights 785 1
weights 786 2
weights 788 1
weights 789 1
weights 790 2
weights 792 2
weights 794 2
weights 796 2
weights 798 2
weights 800 2
weights 802 2
weights 804 2
weights 806 2
weights 808 2
weights 810 1
weights 811 1
weights 812 1
weights 813 2
weights 815 2
weights 817 1
weights 818 1
weights 819 2
weights 821 2
weights 823 2
weights 825 3
weights 828 3
weights 831 3
weights 834 3
weights 837 2
weights 839 2
weights 841 2
weights 843 2
weights 845 2
weights 847 2
weights 849 2
weights 851 2
weights 853 2
weights 855 2
weights 857 2
weights 859 3
weights 862 3
weights 865 4
weights 869 4
weights 873 3
weights 876 3
weights 879 3
weights 882 4
weights 886 4
weights 890 2
weights 892 2
weights 894 3
weights 897 3
weights 900 3
weights 903 4
weights 907 3
weights 910 4
weights 914 4
weights 918 4
weights 922 4
weights 926 4
weights 930 4
weights 934 4
weights 938 2
weights 940 2
weights 942 1
weights 943 1
weights 944 1
weights 945 1
weights 946 1
weights 947 1
weights 948 1
weights 949 1
weights 950 1
weights 951 1
weights 952 1
weights 953 1
weights 954 2
weights 956 2
weights 958 2
weights 960 3
weights 963 2
weights 965 2
weights 967 2
weights 969 2
weights 971 2
weights 973 2
weights 975 2
weights 977 2
weights 979 2
tags 0
weights 981
weight 5 1.0027759075164795
weight 5 1.0029186010360718
weight 5 1.0029611587524414
weight 5 1.0018254518508911
weight 5 1.0022358894348145
weight 5 1.002210259437561
weight 5 1.0018200874328613
weight 5 1.0007764101028442
weight 5 1.0018243789672852
weight 5 1.002087950706482
weight 5 1.0013269186019897
weight 5 1.0017756223678589
weight 5 1.0011309385299683
weight 5 1.001041054725647
weight 5 1.0014814138412476
weight 5 1.0012929439544678
weight 5 1.001686692237854
weight 5 1.0015007257461548
weight 5 1.0012149810791016
weight 5 1.0028703212738037
weight 5 1.0032496452331543
weight 5 1.0026499032974243
weight 5 1.003380537033081
weight 5 1.0036211013793945
weight 5 1.0035961866378784
weight 5 1.0027308464050293
weight 5 1.0027729272842407
weight 5 1.0002110004425049
weight 5 1.0020383596420288
weight 5 1.0004626512527466
weight 5 1.0022165775299072
weight 5 1.0012444257736206
weight 5 1.0033061504364014
weight 5 1.0028119087219238
weight 5 1.002636432647705
weight 5 1.0013527870178223
weight 5 1.002079963684082
weight 5 1.0012115240097046
weight 5 1.0002068281173706
weight 5 1.0
weight 5 1.0
weight 5 1.0
weight 5 1.0
weight 5 1.0
weight 5 1.0029338598251343
weight 5 1.0021358728408813
weight 5 1.002321720123291
weight 5 1.0031118392944336
weight 5 1.0035170316696167
weight 5 1.0024758577346802
weight 5 1.003124475479126
weight 5 1.0035672187805176
weight 5 1.0034798383712769
weight 5 1.002506136894226
weight 5 1.003327488899231
weight 5 1.0022903680801392
weight 5 1.001867651939392
weight 5 1.0013452768325806
weight 5 1.0019667148590088
weight 5 1.0015603303909302
weight 5 1.0012067556381226
weight 5 1.001293659210205
weight 5 1.0016099214553833
weight 5 1.001794457435608
weight 5 1.0025014877319336
weight 5 1.0020065307617188
weight 5 1.0022021532058716
weight 5 1.003341555595398
weight 5 1.0033743381500244
weight 5 1.0033501386642456
weight 5 1.0033199787139893
weight 5 1.0024065971374512
weight 5 1.003082513809204
weight 10 0.8278769254684448
weight 11 0.18509693443775177
weight 7 0.9797835946083069
weight 8 0.09945722669363022
weight 10 0.8981336355209351
weight 11 0.10528434813022614
weight 7 0.8845608830451965
weight 8 0.11598353087902069
weight 10 0.815281093120575
weight 11 0.17878104746341705
weight 7 0.7840749025344849
weight 8 0.21113280951976776
weight 10 0.786406934261322
weight 11 0.23199191689491272
weight 7 0.8652821183204651
weight 8 0.15610934793949127
weight 10 0.6945992708206177
weight 11 0.29942718148231506
weight 7 0.6864219307899475
weight 8 0.3082191050052643
weight 10 0.11109383404254913
weight 11 0.8948189616203308
weight 7 0.12463937699794769
weight 8 0.8823790550231934
weight 10 0.731017529964447
weight 11 0.2733091115951538
weight 7 0.770811915397644
weight 8 0.23373247683048248
weight 3 0.4148811995983124
weight 2 0.34594133496284485
weight 9 0.19859984517097473
weight 3 0.6604481339454651
weight 2 0.20702606439590454
weight 6 0.10444000363349915
weight 3 0.08699826151132584
weight 2 0.05862851440906525
weight 9 0.8381635546684265
weight 3 0.17495544254779816
weight 2 0.07603254914283752
weight 6 0.7251963019371033
weight 3 0.7572444081306458
weight 2 0.16479937732219696
weight 6 0.0007844828069210052
weight 9 0.02870902046561241
weight 2 0.041697923094034195
weight 1 0.6094473004341125
weight 0 0.23121477663516998
weight 16 0.07362738996744156
weight 1 0.6315215229988098
weight 2 0.03324407711625099
weight 0 0.22285974025726318
weight 12 0.06654609739780426
weight 2 0.11200886964797974
weight 1 0.7051020860671997
weight 12 0.002007085829973221
weight 16 0.14711324870586395
weight 2 0.11240070313215256
weight 1 0.7066516876220703
weight 12 0.14427286386489868
weight 16 0.00305929034948349
weight 1 0.7457672953605652
weight 2 0.09423615038394928
weight 12 0.07554268091917038
weight 16 0.07655557990074158
weight 16 0.17626959085464478
weight 2 0.105990469455719
weight 1 0.6543179154396057
weight 9 0.01581425592303276
weight 12 0.16402705013751984
weight 2 0.10689565539360046
weight 1 0.663397490978241
weight 6 0.017766986042261124
weight 2 0.1789381206035614
weight 1 0.6480531692504883
weight 16 0.14660535752773285
weight 2 0.1799638718366623
weight 1 0.6517751812934875
weight 12 0.14107555150985718
weight 9 0.8165323734283447
weight 10 0.18490828573703766
weight 6 0.8854023218154907
weight 7 0.11517761647701263
weight 10 0.6889868378639221
weight 9 0.2963247299194336
weight 7 0.6463370323181152
weight 6 0.3408155143260956
weight 10 0.7035014033317566
weight 9 0.28613540530204773
weight 7 0.42191460728645325
weight 6 0.5685275793075562
weight 10 0.21334053575992584
weight 9 0.7867718935012817
weight 7 0.1958800107240677
weight 6 0.8040181994438171
weight 9 0.9059654474258423
weight 10 0.09401868283748627
weight 6 0.9154897928237915
weight 7 0.08478248119354248
weight 9 0.9633870720863342
weight 10 0.029192287474870682
weight 6 0.9632421731948853
weight 7 0.030912768095731735
weight 9 0.21579360961914062
weight 10 0.7754356265068054
weight 6 0.21377485990524292
weight 7 0.78055340051651
weight 9 0.9320935010910034
weight 10 0.0602748803794384
weight 7 0.04139057174324989
weight 6 0.9454556703567505
weight 9 0.9140817523002625
weight 10 0.08245878666639328
weight 7 0.053468331694602966
weight 6 0.9427790641784668
weight 9 0.942631721496582
weight 10 0.046732399612665176
weight 6 0.9521419405937195
weight 7 0.028802383691072464
weight 9 0.9493206143379211
weight 6 0.9534865617752075
weight 9 0.9407876133918762
weight 10 0.03197094425559044
weight 6 0.9529309272766113
weight 7 0.018049295991659164
weight 9 0.9432687759399414
weight 10 0.009132780134677887
weight 6 0.9942720532417297
weight 9 0.97454833984375
weight 6 0.9763519763946533
weight 9 0.9660889506340027
weight 3 0.010318610817193985
weight 6 0.9729704856872559
weight 3 0.00483936071395874
weight 9 0.9705682396888733
weight 6 0.9673673510551453
weight 3 0.045503053814172745
weight 9 0.9218771457672119
weight 3 0.06408699601888657
weight 6 0.9007040858268738
weight 2 0.1052974984049797
weight 1 0.694888174533844
weight 0 0.07720368355512619
weight 9 0.03476399555802345
weight 16 0.031559575349092484
weight 2 0.10216734558343887
weight 1 0.7078319787979126
weight 0 0.07153347134590149
weight 6 0.04125306382775307
weight 12 0.02265920117497444
weight 1 0.2138400375843048
weight 2 0.693718671798706
weight 9 0.005873091518878937
weight 16 0.02838396653532982
weight 1 0.2149205356836319
weight 2 0.6917362213134766
weight 6 0.00268637016415596
weight 12 0.025914426892995834
weight 9 0.38523486256599426
weight 1 0.18168683350086212
weight 2 0.31207430362701416
weight 3 0.05259706452488899
weight 6 0.01167139783501625
weight 6 0.40389925241470337
weight 1 0.18075472116470337
weight 2 0.31011438369750977
weight 3 0.04389413073658943
weight 1 0.20086243748664856
weight 2 0.49420177936553955
weight 9 0.23317667841911316
weight 16 0.019961010664701462
weight 3 0.004097592085599899
weight 2 0.4908298850059509
weight 1 0.20226874947547913
weight 6 0.23308643698692322
weight 12 0.01629263535141945
weight 3 0.062155477702617645
weight 2 0.6139273047447205
weight 9 0.3124682903289795
weight 3 0.08958591520786285
weight 2 0.6011465191841125
weight 6 0.298881858587265
weight 3 0.0062139928340911865
weight 2 0.8720030188560486
weight 1 0.06405153125524521
weight 1 0.738855242729187
weight 2 0.08108218014240265
weight 0 0.08263124525547028
weight 2 0.0688234195113182
weight 1 0.6547510027885437
weight 0 0.16211913526058197
weight 9 0.0003342851996421814
weight 16 0.057023100554943085
weight 1 0.6963394284248352
weight 2 0.061791982501745224
weight 0 0.1445782482624054
weight 12 0.03539806231856346
weight 3 0.0765930563211441
weight 2 0.45373430848121643
weight 1 0.18443334102630615
weight 6 0.054540812969207764
weight 9 0.193600133061409
weight 3 0.06984460353851318
weight 2 0.4501851201057434
weight 1 0.18227653205394745
weight 6 0.22029675543308258
weight 9 0.03599539026618004
weight 3 0.20456628501415253
weight 1 0.05189063027501106
weight 2 0.117092065513134
weight 6 0.0750909075140953
weight 9 0.5280122756958008
weight 3 0.13876183331012726
weight 1 0.020184773951768875
weight 2 0.07951680570840836
weight 6 0.6907922029495239
weight 9 0.03104771301150322
weight 3 0.1444552093744278
weight 9 0.7780137062072754
weight 3 0.13734428584575653
weight 6 0.7977234125137329
weight 4 0.1622711718082428
weight 3 0.6582363843917847
weight 5 0.0791119933128357
weight 9 0.07519499957561493
weight 4 0.16075561940670013
weight 3 0.6596230268478394
weight 5 0.07888003438711166
weight 6 0.07746732980012894
weight 4 0.09166406095027924
weight 3 0.6988639831542969
weight 2 0.029157932847738266
weight 9 0.15494689345359802
weight 4 0.09047801792621613
weight 3 0.7237797975540161
weight 2 0.009930487722158432
weight 6 0.13994154334068298
weight 3 0.1416386365890503
weight 2 0.730327844619751
weight 9 0.09800994396209717
weight 3 0.18554826080799103
weight 2 0.7056781649589539
weight 6 0.07952173054218292
weight 3 0.04765574261546135
weight 9 0.9283941984176636
weight 3 0.05197296664118767
weight 6 0.9250245094299316
weight 9 0.9288669228553772
weight 3 0.05066206306219101
weight 6 0.9307893514633179
weight 3 0.050355881452560425
weight 3 0.1887734979391098
weight 4 0.05597769469022751
weight 9 0.7329868078231812
weight 3 0.1971905529499054
weight 4 0.05681736394762993
weight 6 0.7239952683448792
weight 4 0.2387232780456543
weight 3 0.5660437345504761
weight 5 0.05882834270596504
weight 9 0.1299801766872406
weight 4 0.24111764132976532
weight 3 0.5655994415283203
weight 5 0.05774315446615219
weight 6 0.12968014180660248
weight 3 0.016404565423727036
weight 9 0.8850751519203186
weight 2 0.06914997100830078
weight 3 0.06063307821750641
weight 6 0.853044331073761
weight 2 0.07303032279014587
weight 3 0.031179707497358322
weight 9 0.8941036462783813
weight 2 0.008433569222688675
weight 3 0.011919237673282623
weight 6 0.91957026720047
weight 2 0.11859619617462158
weight 1 0.670848548412323
weight 0 0.02341005578637123
weight 9 0.07099008560180664
weight 16 0.08014771342277527
weight 2 0.11736510694026947
weight 1 0.6766283512115479
weight 0 0.02105080708861351
weight 6 0.07349126785993576
weight 12 0.07596418261528015
weight 2 0.02904364839196205
weight 9 0.9389495253562927
weight 2 0.028890538960695267
weight 6 0.9395602345466614
weight 9 0.05397896468639374
weight 1 0.6404700875282288
weight 2 0.15656451880931854
weight 16 0.12140145897865295
weight 6 0.0549236461520195
weight 1 0.6460281610488892
weight 2 0.15670228004455566
weight 12 0.11401575803756714
weight 2 0.09022282809019089
weight 1 0.6755536794662476
weight 0 0.045480821281671524
weight 9 0.050384096801280975
weight 16 0.11801318824291229
weight 2 0.08902905881404877
weight 1 0.6826193332672119
weight 0 0.043742354959249496
weight 6 0.05196955427527428
weight 12 0.11275693774223328
weight 1 0.7295070886611938
weight 2 0.16466893255710602
weight 12 0.042908456176519394
weight 16 0.04449736699461937
weight 3 0.473949134349823
weight 1 0.043777238577604294
weight 2 0.11192123591899872
weight 6 0.1936776489019394
weight 9 0.1503164917230606
weight 4 0.15670359134674072
weight 3 0.6752647161483765
weight 5 0.08165965229272842
weight 6 0.032584335654973984
weight 9 0.027951154857873917
weight 3 0.7320876121520996
weight 4 0.20379982888698578
weight 4 0.37400349974632263
weight 3 0.40377146005630493
weight 5 0.048571500927209854
weight 9 0.1664198637008667
weight 4 0.37176623940467834
weight 3 0.408322274684906
weight 5 0.048232290893793106
weight 6 0.16453170776367188
weight 3 0.6352694630622864
weight 2 0.0024901889264583588
weight 4 0.02670472487807274
weight 6 0.14159230887889862
weight 9 0.12717245519161224
weight 17 0.24180927872657776
weight 18 0.7364960312843323
weight 13 0.2592339515686035
weight 14 0.7127699851989746
weight 15 0.005914188921451569
weight 17 0.5224789381027222
weight 18 0.47292861342430115
weight 13 0.5078752636909485
weight 14 0.4913759231567383
weight 17 0.5869222283363342
weight 18 0.4122770130634308
weight 13 0.5797772407531738
weight 14 0.4357198476791382
weight 17 0.5033340454101562
weight 18 0.4945826232433319
weight 13 0.505702018737793
weight 14 0.496246337890625
weight 17 0.2792763411998749
weight 18 0.7086063623428345
weight 13 0.3026748299598694
weight 14 0.6792383193969727
weight 17 0.18825331330299377
weight 18 0.7759565711021423
weight 19 0.0358254574239254
weight 13 0.2754324972629547
weight 14 0.685120165348053
weight 15 0.047848667949438095
weight 17 0.10709946602582932
weight 18 0.8740401268005371
weight 13 0.24222306907176971
weight 14 0.6945627927780151
weight 15 0.0632970929145813
weight 17 0.1271332949399948
weight 18 0.8318658471107483
weight 19 0.03603393957018852
weight 13 0.30813857913017273
weight 14 0.6530327796936035
weight 15 0.04243243858218193
weight 16 0.27344900369644165
weight 12 0.27174875140190125
weight 1 0.4283137917518616
weight 0 0.9951523542404175
weight 1 0.12910588085651398
weight 16 0.8272538185119629
weight 1 0.14835672080516815
weight 12 0.8000401258468628
weight 2 0.004515808075666428
weight 2 0.06270477175712585
weight 1 0.650225043296814
weight 0 0.06923631578683853
weight 9 0.00896528735756874
weight 16 0.17551912367343903
weight 2 0.062029290944337845
weight 1 0.6566303372383118
weight 0 0.07001785188913345
weight 6 0.01114325225353241
weight 12 0.1687394231557846
weight 16 0.6914984583854675
weight 1 0.21943791210651398
weight 12 0.06088389828801155
weight 12 0.683118462562561
weight 1 0.2249332219362259
weight 16 0.062089771032333374
weight 1 0.11400805413722992
weight 0 0.7211699485778809
weight 16 0.14841602742671967
weight 1 0.11309108138084412
weight 0 0.7398073673248291
weight 12 0.132156640291214
weight 16 0.45098769664764404
weight 1 0.1381896734237671
weight 0 0.3884814977645874
weight 12 0.23094527423381805
weight 1 0.0715445950627327
weight 0 0.6851552724838257
weight 16 0.9293049573898315
weight 1 0.018369417637586594
weight 0 0.01799793913960457
weight 1 0.0315607450902462
weight 12 0.9160584211349487
weight 0 0.02770524099469185
weight 16 0.9072352647781372
weight 1 0.02115226909518242
weight 0 0.052926938980817795
weight 1 0.01198909804224968
weight 12 0.8850875496864319
weight 0 0.08027733117341995
weight 1 0.03441323712468147
weight 16 0.9413756132125854
weight 12 0.8220633864402771
weight 1 0.12704482674598694
weight 1 0.27236950397491455
weight 16 0.6100239753723145
weight 12 0.0962219312787056
weight 12 0.6077030301094055
weight 1 0.2729751467704773
weight 16 0.0984024628996849
weight 1 0.08720061182975769
weight 16 0.8455387353897095
weight 0 0.05914760380983353
weight 12 0.8153150677680969
weight 1 0.07878273725509644
weight 0 0.09873778373003006
weight 12 0.12478063255548477
weight 1 0.7068276405334473
weight 16 0.13400360941886902
weight 0 0.012754935771226883
weight 17 0.5142980813980103
weight 18 0.48060503602027893
weight 13 0.4770239293575287
weight 14 0.5243518352508545
weight 14 0.5364364981651306
weight 13 0.5045641660690308
weight 18 0.9123620986938477
weight 17 0.007712360471487045
weight 19 0.059323642402887344
weight 15 0.061212457716464996
weight 14 0.8753536343574524
weight 13 0.06487683951854706
weight 16 0.9804056882858276
weight 12 0.9728574156761169
weight 16 0.9735883474349976
weight 12 0.9741843938827515
weight 16 0.9736539721488953
weight 1 0.0029601678252220154
weight 12 0.9851442575454712
weight 16 0.8871554732322693
weight 1 0.05101632699370384
weight 17 0.029179278761148453
weight 12 0.9257829189300537
weight 1 0.014748979359865189
weight 13 0.0003017112612724304
weight 16 0.8724315762519836
weight 1 0.05136618763208389
weight 17 0.053410667926073074
weight 12 0.8748358488082886
weight 1 0.04286065325140953
weight 13 0.050624825060367584
weight 17 0.9546754956245422
weight 16 0.047289613634347916
weight 13 0.9544823169708252
weight 12 0.04872960224747658
weight 17 0.9415587782859802
weight 16 0.057580988854169846
weight 13 0.9402627348899841
weight 12 0.05903901904821396
weight 16 0.6105307340621948
weight 17 0.38653862476348877
weight 12 0.6109132170677185
weight 13 0.38811811804771423
weight 17 0.83189457654953
weight 16 0.16896773874759674
weight 13 0.830807626247406
weight 12 0.1703149974346161
weight 17 0.8561671376228333
weight 16 0.16499562561511993
weight 13 0.862924337387085
weight 12 0.16025735437870026
weight 17 0.11971237510442734
weight 16 0.8796905875205994
weight 13 0.11713918298482895
weight 12 0.8820391893386841
weight 16 0.7760421633720398
weight 17 0.22516116499900818
weight 12 0.7776181697845459
weight 13 0.22443918883800507
weight 17 0.10334457457065582
weight 16 0.896813690662384
weight 13 0.09968335926532745
weight 12 0.9003928899765015
weight 16 0.05714676156640053
weight 17 0.958242654800415
weight 13 0.9604852795600891
weight 12 0.05626796558499336
weight 16 0.08171725273132324
weight 17 0.9224928617477417
weight 13 0.8940261602401733
weight 12 0.11027137190103531
weight 17 0.9487743973731995
weight 18 0.03531418368220329
weight 13 0.9535989165306091
weight 14 0.02547108754515648
weight 17 0.9842751026153564
weight 13 0.985774576663971
weight 17 1.0045380592346191
weight 13 1.0064107179641724
weight 17 0.9878134727478027
weight 13 0.9893313646316528
weight 17 0.971031129360199
weight 13 0.9751306176185608
weight 19 0.988645613193512
weight 15 0.989178478717804
weight 18 0.8272208571434021
weight 17 0.1822362095117569
weight 17 0.5126673579216003
weight 18 0.4862987995147705
weight 14 0.6257872581481934
weight 13 0.44852346181869507
weight 19 0.9971867203712463
weight 15 0.9960787296295166
weight 19 0.19741839170455933
weight 18 0.7799505591392517
weight 15 0.28825610876083374
weight 14 0.6582980155944824
weight 13 0.05350876972079277
weight 18 0.14785408973693848
weight 19 0.8477062582969666
weight 14 0.12461038678884506
weight 15 0.8656714558601379
weight 14 0.5838709473609924
weight 13 0.4327453672885895
weight 19 0.897383451461792
weight 18 0.09308631718158722
weight 14 0.0876249447464943
weight 15 0.8988153338432312
weight 14 0.6819449067115784
weight 13 0.24852842092514038
weight 15 0.07017867267131805
weight 18 0.5593674182891846
weight 17 0.4413057863712311
weight 18 0.5900047421455383
weight 17 0.4079579710960388
weight 14 0.6167017221450806
weight 13 0.40228208899497986
weight 19 0.6489759087562561
weight 18 0.3124792277812958
weight 17 0.02768925204873085
weight 14 0.2862805128097534
weight 15 0.6595287322998047
weight 13 0.05465613305568695
weight 18 0.26725172996520996
weight 19 0.7120386362075806
weight 14 0.2541692554950714
weight 15 0.7133355736732483
weight 13 0.01584974303841591
weight 18 0.47689834237098694
weight 19 0.5020614862442017
weight 14 0.3941670358181
weight 15 0.5697149634361267
weight 13 0.02252405509352684
weight 19 0.9287655353546143
weight 18 0.06720190495252609
weight 14 0.06526798009872437
weight 15 0.9278358817100525
weight 18 0.10410987585783005
weight 19 0.8923080563545227
weight 14 0.09095671027898788
weight 15 0.9019016027450562
weight 18 0.6019900441169739
weight 17 0.39258143305778503
weight 14 0.5509644746780396
weight 13 0.4194754958152771
weight 15 0.011229149997234344
weight 18 0.851433277130127
weight 17 0.08049169927835464
weight 19 0.06935420632362366
weight 14 0.8116297125816345
weight 13 0.10720046609640121
weight 15 0.08290891349315643
weight 18 0.5297114253044128
weight 17 0.46926945447921753
weight 14 0.5393123030662537
weight 13 0.4692166745662689
weight 18 0.5465516448020935
weight 17 0.4492896795272827
weight 14 0.5715755224227905
weight 13 0.43853992223739624
weight 14 0.8064122796058655
weight 13 0.10688729584217072
weight 15 0.08674313873052597
weight 17 0.06624837219715118
weight 18 0.8672145009040833
weight 19 0.0670272558927536
weight 7 0.7842125296592712
weight 8 0.21638056635856628
weight 11 0.19170425832271576
weight 10 0.8078196048736572
weight 8 0.7569601535797119
weight 7 0.24359315633773804
weight 11 0.6789447069168091
weight 10 0.321100115776062
weight 11 0.5922299027442932
weight 10 0.4083313047885895
weight 8 0.9619201421737671
weight 7 0.02676570788025856
weight 11 0.941121518611908
weight 10 0.059032198041677475
weight 8 0.8852240443229675
weight 7 0.1165185198187828
weight 11 0.8845274448394775
weight 10 0.11618398129940033
weight 8 0.2126670926809311
weight 7 0.8063347339630127
weight 10 0.7358909249305725
weight 11 0.2706890106201172
weight 8 0.16199901700019836
weight 7 0.8492160439491272
weight 10 0.8390579223632812
weight 11 0.16389285027980804
weight 8 0.8057643175125122
weight 7 0.19498644769191742
weight 8 0.771113395690918
weight 7 0.22944852709770203
weight 11 0.6967633366584778
weight 10 0.30335983633995056
weight 7 0.7821871638298035
weight 8 0.22139370441436768
weight 8 0.868089497089386
weight 7 0.13326600193977356
weight 11 0.8680307269096375
weight 10 0.13268786668777466
weight 8 0.8413485288619995
weight 7 0.159201517701149
weight 11 0.7914910912513733
weight 10 0.20870719850063324
weight 8 0.7144617438316345
weight 7 0.2859792113304138
weight 11 0.6523945927619934
weight 10 0.3475837707519531
weight 8 0.3301495313644409
weight 7 0.6687836647033691
weight 11 0.3216429352760315
weight 10 0.6767584085464478
weight 8 0.6933393478393555
weight 7 0.3070087730884552
weight 11 0.6302332878112793
weight 10 0.36962565779685974
weight 8 0.20809240639209747
weight 7 0.8004803657531738
weight 10 0.7018805146217346
weight 11 0.3036365807056427
weight 8 0.7613740563392639
weight 7 0.24023932218551636
weight 8 0.6415939331054688
weight 7 0.35873815417289734
weight 11 0.6066185235977173
weight 10 0.39327293634414673
weight 11 0.26008036732673645
weight 10 0.7425681352615356
weight 8 0.9410516619682312
weight 7 0.05925114080309868
weight 11 0.9226239323616028
weight 10 0.07750970125198364
weight 8 0.9511471390724182
weight 7 0.04821525141596794
weight 11 0.9317684769630432
weight 10 0.06834390759468079
weight 8 0.9985482096672058
weight 11 0.9984933137893677
weight 11 0.9833258390426636
weight 8 0.9881659746170044
weight 11 0.9849498271942139
weight 8 0.9662476181983948
weight 7 0.0182018019258976
weight 11 0.9653238654136658
weight 10 0.0197121761739254
weight 11 0.9869983196258545
weight 11 0.6900312304496765
weight 10 0.3102087080478668
weight 11 0.7095816731452942
weight 10 0.2906053066253662
weight 8 0.7977122068405151
weight 7 0.20288851857185364
weight 11 0.7122097015380859
weight 10 0.28798142075538635
weight 8 0.8003286719322205
weight 7 0.20027615129947662
weight 11 0.7151246666908264
weight 10 0.2850857973098755
weight 8 0.7928882837295532
weight 7 0.20770254731178284
weight 8 0.987935483455658
weight 8 0.9472811818122864
weight 7 0.053328778594732285
weight 11 0.9445803761482239
weight 10 0.05571429058909416
weight 8 0.9932098388671875
weight 5 0.9519280195236206
weight 4 0.0377303846180439
weight 5 0.9826224446296692
weight 5 0.9860798120498657
weight 5 0.9445854425430298
weight 4 0.05071351304650307
weight 5 0.9354386329650879
weight 4 0.05880464240908623
weight 5 0.8474115133285522
weight 4 0.14133566617965698
weight 5 0.8560115694999695
weight 4 0.1330922245979309
weight 5 0.9305052757263184
weight 4 0.06390571594238281
weight 5 0.9348002672195435
weight 4 0.05792231857776642
weight 5 0.9267788529396057
weight 4 0.0658591091632843
weight 5 0.9412657022476196
weight 4 0.05346772074699402
weight 5 0.9606539607048035
weight 4 0.020365025848150253
weight 5 0.9607251882553101
weight 4 0.02124689146876335
weight 5 0.9863471984863281
weight 5 0.9882827997207642
weight 5 0.9838933944702148
weight 5 0.9005191922187805
weight 4 0.08963716775178909
weight 5 0.8955212831497192
weight 4 0.09570169448852539
weight 5 0.9766256213188171
weight 5 0.9797701835632324
weight 5 0.8280156254768372
weight 4 0.15710555016994476
weight 5 0.8122966885566711
weight 4 0.17510457336902618
weight 5 0.8181382417678833
weight 4 0.16860562562942505
weight 5 0.547617495059967
weight 3 0.04315786436200142
weight 4 0.40011170506477356
weight 5 0.5545179843902588
weight 3 0.04688138887286186
weight 4 0.3914015591144562
weight 5 0.48739418387413025
weight 3 0.03161926195025444
weight 4 0.46175116300582886
weight 5 0.48807188868522644
weight 3 0.0316200889647007
weight 4 0.46090394258499146
weight 5 0.9306339025497437
weight 4 0.05609538406133652
weight 5 0.9403113722801208
weight 4 0.04715748503804207
weight 5 0.7040843963623047
weight 4 0.26780053973197937
weight 5 0.6514878273010254
weight 4 0.32753029465675354
weight 5 0.8130236268043518
weight 4 0.16788385808467865
weight 5 0.8027673959732056
weight 4 0.17966806888580322
weight 5 0.6289231777191162
weight 4 0.3475673496723175
weight 5 0.8137950301170349
weight 4 0.15774206817150116
weight 5 0.8168699741363525
weight 4 0.1555226743221283
weight 5 0.9324641823768616
weight 4 0.05163417011499405
weight 5 0.953845739364624
weight 4 0.02049194648861885
weight 5 0.8535144329071045
weight 3 0.014473672956228256
weight 4 0.10745123028755188
weight 5 0.8577377796173096
weight 3 0.012962769716978073
weight 4 0.10407253354787827
weight 5 0.23983846604824066
weight 4 0.6268344521522522
weight 3 0.10607966780662537
weight 6 0.00022879615426063538
weight 5 0.24366238713264465
weight 4 0.6214608550071716
weight 3 0.10692507028579712
weight 9 0.0013819634914398193
weight 5 0.558213472366333
weight 3 0.036852385848760605
weight 4 0.3931247889995575
weight 4 0.6761379241943359
weight 5 0.19344866275787354
weight 3 0.116231270134449
weight 5 0.7655379176139832
weight 4 0.11749226599931717
weight 3 0.09966353327035904
weight 4 0.1768314093351364
weight 3 0.6062328219413757
weight 5 0.060856010764837265
weight 6 0.1463722139596939
weight 4 0.17603948712348938
weight 3 0.6068742871284485
weight 5 0.06143220514059067
weight 9 0.14458656311035156
weight 5 0.868771493434906
weight 4 0.10302446782588959
weight 5 0.8746028542518616
weight 4 0.09851640462875366
weight 5 0.1970938891172409
weight 4 0.6909267902374268
weight 3 0.09625507891178131
weight 5 0.7623373866081238
weight 4 0.1301666647195816
weight 3 0.09030239284038544
weight 5 0.7646218538284302
weight 4 0.1281949281692505
weight 3 0.08998733013868332
weight 5 0.19762760400772095
weight 4 0.3586907386779785
weight 3 0.38319727778434753
weight 9 0.034619253128767014
weight 5 0.06751569360494614
weight 4 0.577502965927124
weight 3 0.3291062116622925
weight 5 0.16226476430892944
weight 4 0.4325885474681854
weight 3 0.3297302722930908
weight 6 0.06822676211595535
weight 5 0.16386660933494568
weight 4 0.4310765564441681
weight 3 0.3297289311885834
weight 9 0.06744028627872467
weight 4 0.5702127814292908
weight 5 0.10754483193159103
weight 3 0.24958141148090363
weight 6 0.068918377161026
weight 4 0.5569072365760803
weight 5 0.11298707872629166
weight 3 0.25581344962120056
weight 9 0.0700567364692688
weight 3 0.2679891586303711
weight 4 0.6363515257835388
weight 5 0.05426768958568573
weight 6 0.017341021448373795
weight 3 0.25446951389312744
weight 4 0.6513249278068542
weight 5 0.05172610655426979
weight 9 0.01918080821633339
weight 5 0.20429126918315887
weight 4 0.36438247561454773
weight 3 0.3718939423561096
weight 6 0.036271799355745316
weight 5 0.9448395371437073
weight 4 0.019855190068483353
weight 5 0.9492689371109009
weight 4 0.013017769902944565
weight 5 0.9576049447059631
weight 5 0.9833009243011475
weight 5 0.9878812432289124
weight 5 0.9822080731391907
weight 5 0.9847193360328674
weight 5 0.9860198497772217
weight 5 0.9925674200057983
weight 5 0.9903873801231384
weight 5 0.991926372051239
weight 5 0.9888895750045776
weight 5 0.9946393370628357
weight 5 0.9962870478630066
weight 7 0.9382945895195007
weight 8 0.02376854047179222
weight 10 0.9148556590080261
weight 11 0.0633581355214119
weight 7 0.9171656370162964
weight 8 0.06780576705932617
weight 7 0.9062257409095764
weight 6 0.0028696060180664062
weight 8 0.06732989102602005
weight 10 0.8220525979995728
weight 11 0.15645469725131989
weight 7 0.8304951190948486
weight 8 0.14643946290016174
weight 17 0.8464808464050293
weight 18 0.1489540934562683
weight 13 0.9203898310661316
weight 14 0.07503975927829742
weight 17 0.9019795656204224
weight 18 0.09619805961847305
weight 13 0.9144672751426697
weight 14 0.08586061000823975
weight 17 0.844875156879425
weight 18 0.15275822579860687
weight 13 0.8460537195205688
weight 14 0.15327581763267517
weight 13 0.8129023313522339
weight 14 0.1716029793024063
frames 25
matrix 1.0 -2.3183035538883656e-15 -1.3479796473529468e-17 0.0 -1.0519205610195169e-14 1.0 -5.951991344232965e-09 0.0 -3.2866354308377444e-15 5.952015325050297e-09 1.0 0.0 4.9324901801872656e-11 0.06324644386768341 1.092801511504149e-07 1.0
matrix 0.9998000264167786 0.007895274087786674 -0.01837347447872162 0.0 -0.005588735919445753 0.9924699068069458 0.12236140668392181 0.0 0.01920119859278202 -0.12223426252603531 0.9923155307769775 0.0 0.022939858958125114 -0.023376569151878357 -0.17473748326301575 1.0
matrix 0.9997978806495667 0.01551301870495081 -0.012787886895239353 0.0 -0.013831117190420628 0.9923734664916992 0.12248986959457397 0.0 0.014590548351407051 -0.12228824943304062 0.9923874139785767 0.0 0.05955008417367935 -0.023010587319731712 -0.17535404860973358 1.0
matrix 0.9979424476623535 -0.040312401950359344 -0.0498577319085598 0.0 0.04633331671357155 0.9909237623214722 0.12618869543075562 0.0 0.04431824013590813 -0.12823912501335144 0.990752637386322 0.0 -0.43905743956565857 -0.007695796433836222 -0.20382514595985413 1.0000001192092896
matrix 0.9976663589477539 -0.03802596032619476 -0.05670861899852753 0.0 0.04494795203208923 0.9909781217575073 0.12626266479492188 0.0 0.05139574036002159 -0.12851695716381073 0.9903746843338013 0.0 -0.41807398200035095 -0.00853889063000679 -0.20488902926445007 1.0
matrix 0.9985564947128296 -0.03846297040581703 -0.03748961538076401 0.0 0.042918022722005844 0.9910558462142944 0.12635843455791473 0.0 0.032294176518917084 -0.12778502702713013 0.9912759065628052 0.0 -0.3964015245437622 -0.009366093203425407 -0.20607033371925354 0.9999998807907104
matrix 0.9978322386741638 -0.06501903384923935 -0.010161901824176311 0.0 0.06552297621965408 0.9959536790847778 0.06150727719068527 0.0 0.006121651269495487 -0.06203976273536682 0.9980549812316895 0.0 -0.6823310256004333 -0.060038816183805466 0.5979597568511963 1.0
matrix 0.9968122243881226 -0.07387003302574158 -0.030141251161694527 0.0 0.06347616761922836 0.9631707072257996 -0.2612910270690918 0.0 0.04833276569843292 0.258544921875 0.9647895097732544 0.0 -0.636749267578125 0.36774036288261414 2.0976710319519043 1.0
matrix 0.9968121647834778 -0.07387003302574158 -0.030141251161694527 0.0 0.06347616016864777 0.9631706476211548 -0.261290967464447 0.0 0.048332761973142624 0.258544921875 0.9647893905639648 0.0 -0.6367491483688354 0.3677402436733246 2.097670793533325 0.9999999403953552
matrix 0.9994691610336304 0.03250621259212494 0.002206536242738366 0.0 -0.029990995302796364 0.8914417624473572 0.45214205980300903 0.0 0.01273041870445013 -0.45196834206581116 0.8919433355331421 0.0 0.3132087290287018 0.43396279215812683 -3.8621811866760254 1.0
matrix 0.999258816242218 0.037949856370687485 -0.006451496388763189 0.0 -0.03141755983233452 0.9008614420890808 0.4329683780670166 0.0 0.02224298007786274 -0.43244487047195435 0.901386022567749 0.0 0.32999303936958313 0.3841785490512848 -3.7243857383728027 1.0
matrix 0.9992588758468628 0.03794986382126808 -0.006451496854424477 0.0 -0.03141755983233452 0.9008614420890808 0.4329683482646942 0.0 0.02224297821521759 -0.43244487047195435 0.9013860821723938 0.0 0.32999253273010254 0.3841780424118042 -3.7243854999542236 0.9999999403953552
matrix 0.984451174736023 -0.05498131737112999 0.1668323427438736 0.0 -0.0037144003435969353 0.9430248737335205 0.33270174264907837 0.0 -0.175619438290596 -0.32814821600914 0.9281576871871948 0.0 -0.18592709302902222 -0.2731654644012451 -0.1495136022567749 1.0
matrix 0.9828519821166992 -0.009358548559248447 0.18415850400924683 0.0 -0.05173897370696068 0.9445956945419312 0.3241327702999115 0.0 -0.17698876559734344 -0.3281026780605316 0.9279136061668396 0.0 -0.5079842805862427 -0.18272750079631805 -0.176097571849823 1.0000001192092896
matrix 0.977312445640564 -0.10632843524217606 0.1831786036491394 0.0 0.03910290077328682 0.940570056438446 0.33734065294265747 0.0 -0.20816120505332947 -0.3225242793560028 0.923388659954071 0.0 0.7988752126693726 -0.41982927918434143 0.013590835966169834 0.9999998807907104
